6.51281e-09|-0.00280408
6.5111e-09|-0.00280433
6.5099e-09|-0.00280437
6.50875e-09|-0.0028044
6.50777e-09|-0.00280443
6.5069e-09|-0.00280446
6.50614e-09|-0.00280448
6.50547e-09|-0.0028045
6.50488e-09|-0.00280452
6.50436e-09|-0.00280454
6.5039e-09|-0.00280455
6.5035e-09|-0.00280457
6.50314e-09|-0.00280458
6.50283e-09|-0.00280459
6.50256e-09|-0.0028046
6.50232e-09|-0.0028046
6.5021e-09|-0.00280461
6.50192e-09|-0.00280462
6.50175e-09|-0.00280462
6.50161e-09|-0.00280463
6.50148e-09|-0.00280463
6.50137e-09|-0.00280463
6.50127e-09|-0.00280464
6.50119e-09|-0.00280464
6.50111e-09|-0.00280464
6.50104e-09|-0.00280464
6.50098e-09|-0.00280464
6.50093e-09|-0.00280465
6.50089e-09|-0.00280465
6.50084e-09|-0.00280465
6.50081e-09|-0.00280465
6.50078e-09|-0.00280465
6.50075e-09|-0.00280465
6.50073e-09|-0.00280465
6.49759e-09|-0.00560879
6.46723e-09|-0.0112183
6.37959e-09|-0.019633
6.20158e-09|-0.0308531
5.91227e-09|-0.0442926
5.55689e-09|-0.0577324
5.18914e-09|-0.0711723
4.81789e-09|-0.0846122
4.44309e-09|-0.098052
4.06048e-09|-0.111492
3.66454e-09|-0.124932
3.25129e-09|-0.138371
2.82006e-09|-0.151811
2.37421e-09|-0.165251
1.92039e-09|-0.178691
1.46678e-09|-0.192131
1.02068e-09|-0.205571
5.86373e-10|-0.21901
1.63903e-10|-0.23245
-2.50736e-10|-0.24589
-6.64051e-10|-0.25933
-1.08261e-09|-0.27277
-1.51058e-09|-0.286209
-1.94817e-09|-0.299649
-2.39145e-09|-0.313089
-2.83381e-09|-0.326529
-3.26833e-09|-0.339969
1.5007e-07|-0.352736
-0.000163902|-0.364834
-0.000623045|-0.376257
-0.00148024|-0.386992
-0.00280089|-0.397013
-0.00474892|-0.406899
-0.007299|-0.416605
-0.0103722|-0.426301
-0.014033|-0.435777
-0.0182768|-0.444994
-0.0231375|-0.453831
-0.0285529|-0.462337
-0.0344989|-0.470486
-0.0409511|-0.478244
-0.0478818|-0.48558
-0.0552606|-0.492462
-0.0630554|-0.498863
-0.0712544|-0.504737
-0.0798109|-0.510072
-0.0886915|-0.514844
-0.097861|-0.519031
-0.108396|-0.523167
-0.120322|-0.527338
-0.133088|-0.531454
-0.145821|-0.535639
-0.158553|-0.539858
-0.171297|-0.544072
-0.184055|-0.54827
-0.196814|-0.552455
-0.209574|-0.556636
-0.222334|-0.560822
-0.235094|-0.565024
-0.247849|-0.569241
-0.2606|-0.573472
-0.273351|-0.577706
-0.286104|-0.581941
-0.298859|-0.586173
-0.311614|-0.590402
-0.32437|-0.59463
-0.337126|-0.598859
-0.349882|-0.603089
-0.362637|-0.607323
-0.375391|-0.611558
-0.388145|-0.615794
-0.400244|-0.619813
-0.411744|-0.623455
-0.423345|-0.626784
-0.435031|-0.629813
-0.448083|-0.632853
-0.461162|-0.635916
-0.474229|-0.63901
-0.487295|-0.642114
-0.500367|-0.645211
-0.513448|-0.648294
-0.52653|-0.651362
-0.539612|-0.654424
-0.552695|-0.657486
-0.565779|-0.660554
-0.578862|-0.663628
-0.591942|-0.666708
-0.605022|-0.66979
-0.618104|-0.67287
-0.631186|-0.675949
-0.644269|-0.679025
-0.657352|-0.682099
-0.670435|-0.685174
-0.683518|-0.688249
-0.696601|-0.691326
-0.709683|-0.694403
-0.722766|-0.697481
-0.735849|-0.700558
-0.748931|-0.703635
-0.762014|-0.706712
-0.775097|-0.709788
-0.78818|-0.712865
-0.801263|-0.715941
-0.814346|-0.719018
-0.827429|-0.722095
-0.840511|-0.725172
-0.853594|-0.728249
-0.866677|-0.731325
-0.87976|-0.734402
-0.892843|-0.737479
-0.905926|-0.740555
-0.919009|-0.743632
-0.932091|-0.746709
-0.945174|-0.749786
-0.958257|-0.752862
-0.97134|-0.755939
-0.984423|-0.759016
-0.997506|-0.762092
-1.01059|-0.765169
-1.02367|-0.768246
-1.03675|-0.771323
-1.04984|-0.774399
-1.06292|-0.777476
-1.076|-0.780553
-1.08909|-0.783629
-1.10217|-0.786706
-1.11525|-0.789783
-1.12833|-0.792859
-1.14142|-0.795936
-1.1545|-0.799013
-1.16758|-0.802089
-1.18067|-0.805166
-1.19375|-0.808243
-1.20683|-0.811319
-1.21991|-0.814396
-1.233|-0.817473
-1.24608|-0.820549
-1.25916|-0.823626
-1.27225|-0.826702
-1.28533|-0.829779
-1.29841|-0.832856
-1.31149|-0.835932
-1.32458|-0.839009
-1.33766|-0.842086
-1.35074|-0.845162
-1.36383|-0.848239
-1.37691|-0.851315
-1.38999|-0.854392
-1.40307|-0.857469
-1.41616|-0.860545
-1.42924|-0.863622
-1.44232|-0.866698
-1.45541|-0.869775
-1.46849|-0.872852
-1.48157|-0.875928
-1.49465|-0.879005
-1.50774|-0.882081
-1.52082|-0.885158
-1.5339|-0.888234
-1.54699|-0.891311
-1.56007|-0.894388
-1.57315|-0.897464
-1.58624|-0.900541
-1.59932|-0.903617
-1.6124|-0.906694
-1.62548|-0.90977
-1.63857|-0.912847
-1.65165|-0.915923
-1.66473|-0.919
-1.67782|-0.922077
-1.6909|-0.925153
-1.70398|-0.92823
-1.71706|-0.931306
-1.73015|-0.934383
-1.74323|-0.937459
-1.75631|-0.940536
-1.7694|-0.943612
-1.78248|-0.946689
-1.79556|-0.949765
-1.80864|-0.952842
-1.82173|-0.955918
-1.83481|-0.958995
-1.84789|-0.962071
-1.86098|-0.965148
-1.87406|-0.968224
-1.88714|-0.971301
-1.90022|-0.974377
-1.91331|-0.977454
-1.92639|-0.98053
-1.93947|-0.983607
-1.95256|-0.986683
-1.96564|-0.98976
-1.97872|-0.992836
-1.99181|-0.995913
-2.00489|-0.998989
-2.01797|-1.00207
-2.03105|-1.00514
-2.04414|-1.00822
-2.05722|-1.01129
-2.0703|-1.01437
-2.08339|-1.01745
-2.09647|-1.02052
-2.10955|-1.0236
-2.12263|-1.02668
-2.13572|-1.02975
-2.1488|-1.03283
-2.16188|-1.03591
-2.17497|-1.03898
-2.18805|-1.04206
-2.20113|-1.04514
-2.21421|-1.04821
-2.2273|-1.05129
-2.24038|-1.05436
-2.25346|-1.05744
-2.26655|-1.06052
-2.27963|-1.06359
-2.29271|-1.06667
-2.3058|-1.06975
-2.31888|-1.07282
-2.33196|-1.0759
-2.34504|-1.07898
-2.35813|-1.08205
-2.37121|-1.08513
-2.38429|-1.08821
-2.39738|-1.09128
-2.41046|-1.09436
-2.42354|-1.09743
-2.43662|-1.10051
-2.44971|-1.10359
-2.46279|-1.10666
-2.47587|-1.10974
-2.48896|-1.11282
-2.50204|-1.11589
-2.51512|-1.11897
-2.52821|-1.12204
-2.54129|-1.12512
-2.55437|-1.1282
-2.56745|-1.13127
-2.58054|-1.13435
-2.59362|-1.13743
-2.6067|-1.1405
-2.61979|-1.14358
-2.63287|-1.14666
-2.64595|-1.14973
-2.65903|-1.15281
-2.67212|-1.15588
-2.6852|-1.15896
-2.69828|-1.16204
-2.71137|-1.16511
-2.72445|-1.16819
-2.73753|-1.17127
-2.75062|-1.17434
-2.7637|-1.17742
-2.77678|-1.18049
-2.78986|-1.18357
-2.80295|-1.18665
-2.81603|-1.18972
-2.82911|-1.1928
-2.8422|-1.19588
-2.85528|-1.19895
-2.86836|-1.20203
-2.88144|-1.2051
-2.89453|-1.20818
-2.90761|-1.21126
-2.92069|-1.21433
-2.93378|-1.21741
-2.94686|-1.22049
-2.95994|-1.22356
-2.97303|-1.22664
-2.98611|-1.22971
-2.99919|-1.23279
-3.01227|-1.23587
-3.02536|-1.23894
-3.03844|-1.24202
-3.05152|-1.2451
-3.06461|-1.24817
-3.07769|-1.25125
-3.09077|-1.25432
-3.10386|-1.2574
-3.11694|-1.26048
-3.13002|-1.26355
-3.1431|-1.26663
-3.15619|-1.26971
-3.16927|-1.27278
-3.18235|-1.27586
-3.19544|-1.27893
-3.20852|-1.28201
-3.2216|-1.28509
-3.23469|-1.28816
-3.24777|-1.29124
-3.26085|-1.29431
-3.27393|-1.29739
-3.28702|-1.30047
-3.3001|-1.30354
-3.31318|-1.30662
-3.32627|-1.3097
-3.33935|-1.31277
-3.35243|-1.31585
-3.36552|-1.31892
-3.3786|-1.322
-3.39168|-1.32508
-3.40476|-1.32815
-3.41717|-1.33107
-3.42888|-1.334
-3.4405|-1.33724
-3.45204|-1.34079
-3.46348|-1.34464
-3.47483|-1.34877
-3.48608|-1.35317
-3.49721|-1.35785
-3.50822|-1.36281
-3.51908|-1.36805
-3.52981|-1.37357
-3.5404|-1.37936
-3.55083|-1.38543
-3.5611|-1.39177
-3.57121|-1.39837
-3.58115|-1.40522
-3.59091|-1.41233
-3.60049|-1.41969
-3.60989|-1.42727
-3.61911|-1.43508
-3.62813|-1.44312
-3.63694|-1.45138
-3.64554|-1.45986
-3.65392|-1.46856
-3.66208|-1.47746
-3.67002|-1.48656
-3.67772|-1.49586
-3.68519|-1.50535
-3.69241|-1.51502
-3.69939|-1.52488
-3.70611|-1.5349
-3.71259|-1.54509
-3.71879|-1.55545
-3.72474|-1.56595
-3.73042|-1.57661
-3.73582|-1.5874
-3.74095|-1.59833
-3.74579|-1.60939
-3.75035|-1.62056
-3.75462|-1.63184
-3.75861|-1.64323
-3.7623|-1.65471
-3.7657|-1.66628
-3.7688|-1.67794
-3.7716|-1.68967
-3.7741|-1.70147
-3.77655|-1.71467
-3.77902|-1.72787
-3.78151|-1.74107
-3.784|-1.75426
-3.78649|-1.76747
-3.78896|-1.78068
-3.79142|-1.79389
-3.79388|-1.80709
-3.79635|-1.8203
-3.79882|-1.83351
-3.8013|-1.84672
-3.80378|-1.85993
-3.80626|-1.87314
-3.80874|-1.88635
-3.81122|-1.89956
-3.8137|-1.91276
-3.81617|-1.92597
-3.81865|-1.93918
-3.82112|-1.95239
-3.8236|-1.9656
-3.82595|-1.97813
-3.82801|-1.99002
-3.82966|-2.00133
-3.83086|-2.01271
-3.83165|-2.02412
-3.83208|-2.03693
-3.83237|-2.05036
-3.8327|-2.06379
-3.83305|-2.07721
-3.8334|-2.09063
-3.83374|-2.10407
-3.83405|-2.1175
-3.83435|-2.13093
-3.83465|-2.14436
-3.83495|-2.1578
-3.83526|-2.17123
-3.83559|-2.18467
-3.83591|-2.1981
-3.83624|-2.21153
-3.83656|-2.22497
-3.83688|-2.23841
-3.8372|-2.25184
-3.83752|-2.26528
-3.83784|-2.27871
-3.83816|-2.29215
-3.83848|-2.30558
-3.8388|-2.31902
-3.83912|-2.33246
-3.83944|-2.34589
-3.83976|-2.35933
-3.84008|-2.37276
-3.8404|-2.3862
-3.84072|-2.39964
-3.84104|-2.41307
-3.84136|-2.42651
-3.84169|-2.43994
-3.84201|-2.45338
-3.84233|-2.46682
-3.84265|-2.48025
-3.84297|-2.49369
-3.84329|-2.50712
-3.84361|-2.52056
-3.84393|-2.534
-3.84425|-2.54743
-3.84457|-2.56087
-3.84489|-2.5743
-3.84521|-2.58774
-3.84553|-2.60118
-3.84585|-2.61461
-3.84617|-2.62805
-3.84649|-2.64148
-3.84681|-2.65492
-3.84713|-2.66836
-3.84746|-2.68179
-3.84778|-2.69523
-3.8481|-2.70866
-3.84842|-2.7221
-3.84874|-2.73554
-3.84906|-2.74897
-3.84938|-2.76241
-3.8497|-2.77584
-3.85002|-2.78928
-3.85034|-2.80272
-3.85066|-2.81615
-3.85098|-2.82959
-3.8513|-2.84302
-3.85162|-2.85646
-3.85194|-2.8699
-3.85226|-2.88333
-3.85258|-2.89677
-3.8529|-2.9102
-3.85321|-2.92297
-3.85333|-2.93507
-3.85315|-2.9465
-3.85255|-2.95725
-3.85147|-2.9673
-3.84977|-2.97726
-3.84745|-2.98701
-3.84456|-2.99659
-3.84115|-3.00617
-3.83716|-3.0155
-3.83254|-3.02446
-3.82736|-3.03312
-3.82164|-3.04143
-3.81463|-3.05041
-3.8064|-3.06025
-3.79772|-3.07044
-3.78904|-3.08064
-3.78036|-3.09084
-3.77163|-3.10102
-3.76286|-3.11119
-3.75407|-3.12133
-3.74528|-3.13147
-3.73648|-3.14161
-3.72769|-3.15177
-3.7189|-3.16192
-3.71012|-3.17208
-3.70133|-3.18224
-3.69253|-3.1924
-3.68373|-3.20255
-3.67492|-3.2127
-3.66612|-3.22285
-3.65731|-3.233
-3.64851|-3.24315
-3.6397|-3.2533
-3.6309|-3.26346
-3.62209|-3.27361
-3.61329|-3.28376
-3.60448|-3.29392
-3.59567|-3.30407
-3.58687|-3.31422
-3.57806|-3.32437
-3.56925|-3.33452
-3.56044|-3.34468
-3.55164|-3.35483
-3.54283|-3.36498
-3.53403|-3.37513
-3.52522|-3.38529
-3.51641|-3.39544
-3.50761|-3.40559
-3.4988|-3.41574
-3.48999|-3.4259
-3.48119|-3.43605
-3.47238|-3.4462
-3.46357|-3.45635
-3.45477|-3.46651
-3.44596|-3.47666
-3.43715|-3.48681
-3.42835|-3.49696
-3.41954|-3.50711
-3.41073|-3.51727
-3.40193|-3.52742
-3.39312|-3.53757
-3.38431|-3.54772
-3.37551|-3.55788
-3.3667|-3.56803
-3.35789|-3.57818
-3.34909|-3.58833
-3.34028|-3.59849
-3.33147|-3.60864
-3.32267|-3.61879
-3.31386|-3.62894
-3.30505|-3.6391
-3.29625|-3.64925
-3.28744|-3.6594
-3.27864|-3.66955
-3.26983|-3.67971
-3.26102|-3.68986
-3.25222|-3.70001
-3.24341|-3.71016
-3.2346|-3.72031
-3.2258|-3.73047
-3.21699|-3.74062
-3.20818|-3.75077
-3.19938|-3.76092
-3.19057|-3.77108
-3.18176|-3.78123
-3.17296|-3.79138
-3.16415|-3.80153
-3.15534|-3.81169
-3.14654|-3.82184
-3.13773|-3.83199
-3.12938|-3.84162
-3.12135|-3.85062
-3.11354|-3.85891
-3.10589|-3.8664
-3.09783|-3.87347
-3.0894|-3.88021
-3.08063|-3.8865
-3.07157|-3.89231
-3.06222|-3.89765
-3.05262|-3.9025
-3.04278|-3.90684
-3.03273|-3.91067
-3.02249|-3.91397
-3.01209|-3.91672
-3.00025|-3.91921
-2.98705|-3.92163
-2.97386|-3.92412
-2.96068|-3.92664
-2.9475|-3.92917
-2.9343|-3.93168
-2.9211|-3.93417
-2.9079|-3.93665
-2.8947|-3.93914
-2.8815|-3.94163
-2.8683|-3.94414
-2.8551|-3.94666
-2.8419|-3.94918
-2.8287|-3.9517
-2.8155|-3.95423
-2.8023|-3.95674
-2.7891|-3.95926
-2.7759|-3.96178
-2.7627|-3.96429
-2.7495|-3.96681
-2.7363|-3.96934
-2.7231|-3.97186
-2.71057|-3.97425
-2.69802|-3.97647
-2.68543|-3.97852
-2.67282|-3.98042
-2.66018|-3.98215
-2.64685|-3.98381
-2.63352|-3.9855
-2.62019|-3.98719
-2.60686|-3.98889
-2.59353|-3.99057
-2.5802|-3.99225
-2.56686|-3.99392
-2.55353|-3.99558
-2.54019|-3.99725
-2.52686|-3.99893
-2.51352|-4.00061
-2.50019|-4.00228
-2.48686|-4.00396
-2.47352|-4.00564
-2.46019|-4.00732
-2.44685|-4.00899
-2.43352|-4.01067
-2.42018|-4.01234
-2.40685|-4.01402
-2.39351|-4.0157
-2.38018|-4.01737
-2.36684|-4.01905
-2.35351|-4.02073
-2.34017|-4.0224
-2.32684|-4.02408
-2.3135|-4.02576
-2.30017|-4.02743
-2.28683|-4.02911
-2.2735|-4.03078
-2.26085|-4.03237
-2.24886|-4.03371
-2.23682|-4.03473
-2.22473|-4.03544
-2.21264|-4.03585
-2.20054|-4.03599
-2.18711|-4.03581
-2.17368|-4.03568
-2.16025|-4.03555
-2.14682|-4.03542
-2.13338|-4.03527
-2.11994|-4.03509
-2.10651|-4.03491
-2.09307|-4.03473
-2.07964|-4.03454
-2.0662|-4.03437
-2.05276|-4.0342
-2.03932|-4.03404
-2.02589|-4.03387
-2.01245|-4.03371
-1.99901|-4.03353
-1.98557|-4.03336
-1.97213|-4.03319
-1.95869|-4.03301
-1.94526|-4.03284
-1.93182|-4.03267
-1.91838|-4.0325
-1.90494|-4.03233
-1.8915|-4.03215
-1.87806|-4.03198
-1.86462|-4.03181
-1.85118|-4.03164
-1.83775|-4.03147
-1.82431|-4.03129
-1.81087|-4.03112
-1.79743|-4.03095
-1.78399|-4.03078
-1.77055|-4.03061
-1.75711|-4.03044
-1.74367|-4.03026
-1.73024|-4.03009
-1.7168|-4.02992
-1.70336|-4.02975
-1.68992|-4.02958
-1.67648|-4.0294
-1.66304|-4.02923
-1.6496|-4.02906
-1.63617|-4.02889
-1.62273|-4.02872
-1.60929|-4.02854
-1.59585|-4.02837
-1.58241|-4.0282
-1.56897|-4.02803
-1.55553|-4.02786
-1.54209|-4.02769
-1.52866|-4.02751
-1.51522|-4.02734
-1.50178|-4.02717
-1.48834|-4.027
-1.4749|-4.02683
-1.46146|-4.02665
-1.44802|-4.02648
-1.43458|-4.02631
-1.42115|-4.02614
-1.40771|-4.02597
-1.39427|-4.0258
-1.38083|-4.02562
-1.36739|-4.02545
-1.35395|-4.02528
-1.34051|-4.02511
-1.32707|-4.02494
-1.31364|-4.02477
-1.3002|-4.02459
-1.28676|-4.02442
-1.27332|-4.02425
-1.25988|-4.02408
-1.24644|-4.02391
-1.233|-4.02374
-1.21957|-4.02356
-1.20613|-4.02339
-1.19336|-4.02323
-1.18127|-4.02291
-1.16985|-4.0223
-1.15846|-4.02125
-1.14715|-4.01977
-1.13591|-4.0179
-1.12476|-4.01563
-1.11366|-4.01293
-1.10267|-4.00982
-1.09049|-4.0059
-1.07775|-4.00166
-1.06501|-3.99744
-1.05227|-3.99321
-1.03952|-3.98896
-1.02678|-3.9847
-1.01405|-3.98041
-1.00132|-3.97612
-0.988587|-3.97183
-0.975851|-3.96755
-0.963112|-3.96327
-0.950373|-3.959
-0.937633|-3.95472
-0.924893|-3.95044
-0.912809|-3.94638
-0.901323|-3.94269
-0.890397|-3.93951
-0.879347|-3.93676
-0.868172|-3.93444
-0.856947|-3.93256
-0.845613|-3.93105
-0.834237|-3.92994
-0.822829|-3.92925
-0.811405|-3.92898
-0.799979|-3.92914
-0.78865|-3.92974
-0.777514|-3.93077
-0.766376|-3.93217
-0.753721|-3.93413
-0.74047|-3.93631
-0.72722|-3.93847
-0.713967|-3.94063
-0.700712|-3.94281
-0.687456|-3.94501
-0.674204|-3.94723
-0.660955|-3.94945
-0.647704|-3.95168
-0.63445|-3.9539
-0.621195|-3.95611
-0.60794|-3.95832
-0.594684|-3.96052
-0.581428|-3.96273
-0.568172|-3.96495
-0.554917|-3.96716
-0.541662|-3.96938
-0.528407|-3.9716
-0.515151|-3.97381
-0.501895|-3.97603
-0.48932|-3.97813
-0.477395|-3.97995
-0.46605|-3.98137
-0.454656|-3.98235
-0.443233|-3.98291
-0.4318|-3.98307
-0.420374|-3.98282
-0.408982|-3.98215
-0.397784|-3.98106
-0.386638|-3.97957
-0.375387|-3.97771
-0.362839|-3.97516
-0.349707|-3.97234
-0.336573|-3.96955
-0.323438|-3.96676
-0.310301|-3.96396
-0.297164|-3.96114
-0.284032|-3.95831
-0.270902|-3.95546
-0.257771|-3.95261
-0.244637|-3.94977
-0.231502|-3.94693
-0.218366|-3.9441
-0.205229|-3.94127
-0.192093|-3.93843
-0.178956|-3.9356
-0.16582|-3.93276
-0.152685|-3.92991
-0.139549|-3.92707
-0.126414|-3.92423
-0.113277|-3.92139
-0.100141|-3.91855
-0.0870044|-3.91571
-0.0738679|-3.91288
-0.0607316|-3.91004
-0.0475953|-3.9072
-0.034459|-3.90436
-0.0213228|-3.90152
-0.00818654|-3.89868
0.00494977|-3.89584
0.0180861|-3.893
0.0312225|-3.89016
0.0443588|-3.88732
0.0574952|-3.88448
0.0706315|-3.88164
0.0837678|-3.8788
0.0969041|-3.87596
0.11004|-3.87312
0.123177|-3.87028
0.136313|-3.86744
0.149449|-3.8646
0.162586|-3.86176
0.175722|-3.85892
0.188858|-3.85608
0.201995|-3.85324
0.215131|-3.8504
0.228267|-3.84756
0.241404|-3.84472
0.25454|-3.84188
0.267676|-3.83904
0.280813|-3.8362
0.293949|-3.83336
0.307086|-3.83052
0.320222|-3.82768
0.333358|-3.82484
0.346495|-3.822
0.359631|-3.81916
0.372767|-3.81632
0.385904|-3.81348
0.39904|-3.81064
0.412176|-3.8078
0.425313|-3.80497
0.438449|-3.80213
0.451585|-3.79929
0.464722|-3.79645
0.477858|-3.79361
0.490994|-3.79077
0.504131|-3.78793
0.517267|-3.78509
0.530403|-3.78225
0.54354|-3.77941
0.556676|-3.77657
0.569812|-3.77373
0.582949|-3.77089
0.596085|-3.76805
0.609222|-3.76521
0.622358|-3.76237
0.635494|-3.75953
0.648631|-3.75669
0.661767|-3.75385
0.674903|-3.75101
0.68804|-3.74817
0.701176|-3.74533
0.714312|-3.74249
0.727449|-3.73965
0.740585|-3.73681
0.753722|-3.73397
0.766858|-3.73113
0.779994|-3.7283
0.793131|-3.72546
0.806267|-3.72262
0.819403|-3.71978
0.83254|-3.71694
0.845676|-3.7141
0.858812|-3.71126
0.871949|-3.70842
0.885085|-3.70558
0.898222|-3.70274
0.911358|-3.6999
0.924494|-3.69706
0.937631|-3.69422
0.950767|-3.69138
0.963903|-3.68854
0.97704|-3.6857
0.990176|-3.68286
1.00331|-3.68002
1.01645|-3.67718
1.02959|-3.67434
1.04272|-3.6715
1.05586|-3.66866
1.06899|-3.66583
1.08213|-3.66299
1.09527|-3.66015
1.1084|-3.65731
1.12154|-3.65447
1.13468|-3.65163
1.14781|-3.64879
1.16095|-3.64595
1.17409|-3.64311
1.18722|-3.64027
1.20036|-3.63743
1.21349|-3.63459
1.22663|-3.63175
1.23977|-3.62891
1.2529|-3.62607
1.26604|-3.62323
1.27918|-3.62039
1.29231|-3.61755
1.30545|-3.61471
1.31859|-3.61188
1.33172|-3.60904
1.34486|-3.6062
1.358|-3.60336
1.37113|-3.60052
1.38427|-3.59768
1.3974|-3.59484
1.41054|-3.592
1.42368|-3.58916
1.43681|-3.58632
1.44995|-3.58348
1.46309|-3.58064
1.47622|-3.5778
1.48936|-3.57496
1.5025|-3.57212
1.51563|-3.56928
1.52877|-3.56644
1.5419|-3.5636
1.55504|-3.56077
1.56818|-3.55793
1.58131|-3.55509
1.59445|-3.55225
1.60759|-3.54941
1.62072|-3.54657
1.63386|-3.54373
1.647|-3.54089
1.66013|-3.53805
1.67327|-3.53521
1.68641|-3.53237
1.69954|-3.52953
1.71268|-3.52669
1.72581|-3.52385
1.73895|-3.52101
1.75209|-3.51817
1.76522|-3.51534
1.77836|-3.5125
1.7915|-3.50966
1.80463|-3.50682
1.81777|-3.50398
1.83091|-3.50114
1.84404|-3.4983
1.85718|-3.49546
1.87032|-3.49262
1.88345|-3.48978
1.89659|-3.48694
1.90972|-3.4841
1.92286|-3.48126
1.936|-3.47842
1.94913|-3.47559
1.96227|-3.47275
1.97541|-3.46991
1.98854|-3.46707
2.00168|-3.46423
2.01482|-3.46139
2.02795|-3.45855
2.04109|-3.45571
2.05423|-3.45287
2.06736|-3.45003
2.0805|-3.44719
2.09363|-3.44435
2.10677|-3.44151
2.11991|-3.43867
2.13304|-3.43584
2.14618|-3.433
2.15932|-3.43016
2.17245|-3.42732
2.18559|-3.42448
2.19873|-3.42164
2.21186|-3.4188
2.225|-3.41596
2.23814|-3.41312
2.25127|-3.41028
2.26441|-3.40744
2.27754|-3.4046
2.29068|-3.40176
2.30382|-3.39893
2.31695|-3.39609
2.33009|-3.39325
2.34323|-3.39041
2.35636|-3.38757
2.3695|-3.38473
2.38264|-3.38189
2.39577|-3.37905
2.40891|-3.37621
2.42205|-3.37337
2.43518|-3.37053
2.44832|-3.36769
2.46145|-3.36485
2.47459|-3.36202
2.48773|-3.35918
2.50086|-3.35634
2.514|-3.3535
2.52714|-3.35066
2.54027|-3.34782
2.55341|-3.34498
2.56655|-3.34214
2.57968|-3.3393
2.59282|-3.33646
2.60596|-3.33362
2.61909|-3.33078
2.63223|-3.32795
2.64537|-3.32511
2.6585|-3.32227
2.67164|-3.31943
2.68477|-3.31659
2.69791|-3.31375
2.71105|-3.31091
2.72418|-3.30807
2.73732|-3.30523
2.75046|-3.30239
2.76359|-3.29955
2.77673|-3.29672
2.78987|-3.29388
2.803|-3.29104
2.81614|-3.2882
2.82928|-3.28536
2.84241|-3.28252
2.85555|-3.27968
2.86869|-3.27684
2.88182|-3.274
2.89496|-3.27116
2.90809|-3.26832
2.92123|-3.26549
2.93437|-3.26265
2.9475|-3.25981
2.96064|-3.25697
2.9731|-3.25428
2.98486|-3.25156
2.99587|-3.2487
3.00611|-3.24559
3.01617|-3.24192
3.0261|-3.23775
3.03587|-3.23312
3.04536|-3.228
3.05571|-3.22173
3.06703|-3.21455
3.07837|-3.20738
3.08971|-3.20021
3.10104|-3.19301
3.11236|-3.18578
3.12367|-3.17852
3.13497|-3.17126
3.14626|-3.164
3.15757|-3.15674
3.16888|-3.14949
3.18019|-3.14225
3.1915|-3.135
3.20282|-3.12775
3.21413|-3.12049
3.22544|-3.11323
3.23674|-3.10597
3.24805|-3.09871
3.25936|-3.09145
3.27067|-3.08419
3.28198|-3.07693
3.29329|-3.06967
3.3046|-3.06241
3.31591|-3.05515
3.32722|-3.04789
3.33853|-3.04063
3.34984|-3.03337
3.36115|-3.02611
3.37246|-3.01885
3.38377|-3.01159
3.39508|-3.00433
3.40639|-2.99707
3.4177|-2.98981
3.42901|-2.98255
3.44032|-2.97529
3.45163|-2.96803
3.46294|-2.96077
3.47425|-2.95351
3.48556|-2.94625
3.49687|-2.93899
3.50818|-2.93173
3.51949|-2.92447
3.5308|-2.91721
3.54211|-2.90995
3.55284|-2.90306
3.5629|-2.8964
3.57221|-2.88986
3.58073|-2.88337
3.58888|-2.87641
3.59677|-2.86902
3.60426|-2.86125
3.61132|-2.85311
3.61796|-2.84464
3.62416|-2.83584
3.62989|-2.82673
3.63515|-2.81734
3.63992|-2.80769
3.64474|-2.79661
3.64976|-2.78429
3.65476|-2.77183
3.65979|-2.7594
3.66482|-2.74696
3.66984|-2.7345
3.67484|-2.72204
3.67984|-2.70957
3.68484|-2.6971
3.68984|-2.68464
3.69486|-2.67217
3.69989|-2.65972
3.70493|-2.64726
3.70997|-2.6348
3.715|-2.62234
3.72003|-2.60988
3.72507|-2.59742
3.7301|-2.58496
3.73513|-2.5725
3.74016|-2.56004
3.7452|-2.54758
3.75023|-2.53512
3.75501|-2.5233
3.75938|-2.51205
3.7632|-2.50133
3.7666|-2.49046
3.76958|-2.47944
3.77214|-2.4683
3.77427|-2.45707
3.77602|-2.44577
3.77735|-2.43442
3.77827|-2.42302
3.77882|-2.41023
3.7792|-2.3968
3.77962|-2.38338
3.78005|-2.36995
3.78047|-2.35653
3.78087|-2.34309
3.78125|-2.32966
3.78163|-2.31623
3.78202|-2.3028
3.78241|-2.28937
3.78281|-2.27593
3.78322|-2.2625
3.78363|-2.24907
3.78404|-2.23564
3.78444|-2.2222
3.78484|-2.20877
3.78524|-2.19534
3.78565|-2.1819
3.78605|-2.16847
3.78645|-2.15504
3.78686|-2.1416
3.78727|-2.12817
3.78767|-2.11474
3.78808|-2.1013
3.78848|-2.08787
3.78889|-2.07443
3.78929|-2.061
3.78969|-2.04757
3.7901|-2.03413
3.7905|-2.0207
3.79091|-2.00727
3.79131|-1.99383
3.79172|-1.9804
3.79212|-1.96696
3.79253|-1.95353
3.79293|-1.9401
3.79334|-1.92666
3.79374|-1.91323
3.79415|-1.8998
3.79455|-1.88636
3.79496|-1.87293
3.79536|-1.8595
3.79577|-1.84606
3.79617|-1.83263
3.79658|-1.81919
3.79698|-1.80576
3.79739|-1.79233
3.79779|-1.77889
3.7982|-1.76546
3.7986|-1.75203
3.79901|-1.73859
3.79941|-1.72516
3.79982|-1.71172
3.80022|-1.69829
3.80062|-1.68486
3.80103|-1.67142
3.80143|-1.65799
3.80184|-1.64456
3.80224|-1.63112
3.80265|-1.61769
3.80305|-1.60425
3.80346|-1.59082
3.80386|-1.57739
3.80427|-1.56395
3.80467|-1.55052
3.80508|-1.53709
3.80548|-1.52365
3.80589|-1.51022
3.80629|-1.49679
3.8067|-1.48335
3.8071|-1.46992
3.80751|-1.45648
3.80791|-1.44305
3.80831|-1.42962
3.80872|-1.41618
3.80912|-1.40275
3.80953|-1.38932
3.80993|-1.37588
3.81034|-1.36245
3.81074|-1.34901
3.81115|-1.33558
3.81155|-1.32215
3.81196|-1.30871
3.81236|-1.29528
3.81277|-1.28185
3.81317|-1.26841
3.81358|-1.25498
3.81398|-1.24154
3.81438|-1.22811
3.81479|-1.21468
3.81519|-1.20124
3.8156|-1.18781
3.816|-1.17438
3.81641|-1.16094
3.81681|-1.14751
3.81722|-1.13408
3.81762|-1.12064
3.81803|-1.10721
3.81843|-1.09377
3.81884|-1.08034
3.81924|-1.06691
3.81962|-1.05414
3.81983|-1.04205
3.81971|-1.03062
3.81915|-1.01919
3.81817|-1.0078
3.81677|-0.996504
3.81479|-0.983852
3.81259|-0.970606
3.81042|-0.95736
3.80825|-0.944112
3.80606|-0.930861
3.80383|-0.917608
3.80159|-0.904362
3.79933|-0.891118
3.79708|-0.877873
3.79484|-0.864623
3.79261|-0.851371
3.79039|-0.83812
3.78816|-0.824868
3.78593|-0.811615
3.7837|-0.798363
3.78146|-0.785111
3.77922|-0.77186
3.77698|-0.758608
3.77475|-0.745356
3.77251|-0.732104
3.77028|-0.718851
3.76804|-0.705599
3.76581|-0.692346
3.76357|-0.679093
3.76134|-0.665841
3.7591|-0.652589
3.75686|-0.639336
3.75463|-0.626084
3.75239|-0.612831
3.75016|-0.599579
3.74792|-0.586326
3.74568|-0.573074
3.74345|-0.559821
3.74121|-0.546569
3.73898|-0.533316
3.73674|-0.520064
3.73451|-0.506811
3.73227|-0.493559
3.73003|-0.480306
3.7278|-0.467054
3.72556|-0.453801
3.72333|-0.440549
3.72109|-0.427296
3.71885|-0.414044
3.71662|-0.400791
3.71438|-0.387539
3.71215|-0.374286
3.70991|-0.361034
3.70768|-0.347781
3.70544|-0.334529
3.7032|-0.321276
3.70097|-0.308024
3.69873|-0.294771
3.6965|-0.281519
3.69426|-0.268266
3.69203|-0.255014
3.68979|-0.241761
3.68755|-0.228509
3.68532|-0.215256
3.68308|-0.202004
3.68085|-0.188751
3.67861|-0.175499
3.67638|-0.162246
3.67414|-0.148994
3.6719|-0.135741
3.66967|-0.122488
3.66743|-0.109236
3.6652|-0.0959834
3.66296|-0.0827309
3.66073|-0.0694784
3.65849|-0.0562259
3.65625|-0.0429734
3.65413|-0.0304019
3.65219|-0.0177985
3.65031|-0.0044943
3.64842|0.0088118
3.64652|0.0221134
3.64461|0.0354134
3.6427|0.0487146
3.6408|0.0620182
3.6389|0.075323
3.63701|0.0886276
3.63512|0.101932
3.63323|0.115238
3.63133|0.128543
3.62943|0.141848
3.62753|0.155152
3.62563|0.168457
3.62373|0.181762
3.62184|0.195067
3.61994|0.208373
3.61804|0.221678
3.61615|0.234983
3.61425|0.248288
3.61235|0.261594
3.61046|0.274899
3.60856|0.288204
3.60666|0.301509
3.60476|0.314814
3.60287|0.328119
3.60097|0.341425
3.59907|0.35473
3.59718|0.368035
3.59528|0.38134
3.59338|0.394646
3.59149|0.407951
3.58959|0.421256
3.58769|0.434561
3.58579|0.447866
3.5839|0.461172
3.582|0.474477
3.5801|0.487782
3.57821|0.501087
3.57631|0.514392
3.57441|0.527698
3.57251|0.541003
3.57062|0.554308
3.56872|0.567613
3.56682|0.580918
3.56493|0.594224
3.56303|0.607529
3.56113|0.620834
3.55923|0.634139
3.55734|0.647445
3.55544|0.66075
3.55354|0.674055
3.55165|0.68736
3.54975|0.700665
3.54785|0.713971
3.54596|0.727276
3.54406|0.740581
3.54216|0.753886
3.54026|0.767192
3.53837|0.780497
3.53647|0.793802
3.53457|0.807107
3.53268|0.820412
3.53078|0.833718
3.52888|0.847023
3.52699|0.860328
3.52509|0.873633
3.52319|0.886939
3.52129|0.900244
3.5194|0.913549
3.5175|0.926854
3.5156|0.94016
3.51371|0.953465
3.51181|0.96677
3.50991|0.980075
3.50802|0.99338
3.50612|1.00669
3.50422|1.01999
3.50232|1.0333
3.50043|1.0466
3.49853|1.05991
3.49663|1.07321
3.49474|1.08652
3.49284|1.09982
3.49094|1.11313
3.48905|1.12643
3.48715|1.13974
3.48525|1.15304
3.48336|1.16635
3.48146|1.17965
3.47966|1.19228
3.47803|1.20492
3.47658|1.21759
3.47528|1.23028
3.47415|1.24298
3.47316|1.25569
3.47234|1.26842
3.47168|1.28115
3.47117|1.2939
3.47083|1.30667
3.47064|1.31943
3.47061|1.33218
3.47074|1.34488
3.47099|1.35697
3.47126|1.37041
3.47152|1.38384
3.47178|1.39727
3.47205|1.41071
3.47232|1.42415
3.4726|1.43758
3.47289|1.45102
3.47317|1.46445
3.47344|1.47789
3.47372|1.49133
3.47399|1.50477
3.47427|1.5182
3.47454|1.53164
3.47482|1.54508
3.4751|1.55851
3.47538|1.57195
3.47565|1.58539
3.47593|1.59882
3.47621|1.61226
3.47648|1.6257
3.47676|1.63913
3.47703|1.65257
3.47731|1.66601
3.47759|1.67945
3.47786|1.69288
3.47814|1.70632
3.47842|1.71976
3.47869|1.73319
3.47897|1.74663
3.47925|1.76007
3.47952|1.7735
3.4798|1.78694
3.48008|1.80038
3.48035|1.81381
3.48063|1.82725
3.48091|1.84069
3.48118|1.85413
3.48146|1.86756
3.48174|1.881
3.48201|1.89444
3.48229|1.90787
3.48257|1.92131
3.48284|1.93475
3.48312|1.94818
3.48339|1.96162
3.48367|1.97506
3.48395|1.9885
3.48422|2.00193
3.4845|2.01537
3.48478|2.02881
3.48505|2.04224
3.48533|2.05568
3.48561|2.06912
3.48588|2.08255
3.48616|2.09599
3.48644|2.10943
3.48671|2.12286
3.48699|2.1363
3.48726|2.14974
3.48754|2.16318
3.48782|2.17661
3.48809|2.19005
3.48837|2.20349
3.48865|2.21692
3.48892|2.23036
3.4892|2.2438
3.48948|2.25723
3.48975|2.27067
3.49003|2.28411
3.4903|2.29755
3.49058|2.31098
3.49086|2.32442
3.49113|2.33786
3.49141|2.35129
3.49169|2.36473
3.49196|2.37817
3.49224|2.3916
3.49252|2.40504
3.49279|2.41848
3.49307|2.43191
3.49334|2.44535
3.49362|2.45879
3.4939|2.47223
3.49417|2.48566
3.49445|2.4991
3.49473|2.51254
3.495|2.52597
3.49528|2.53941
3.49555|2.55285
3.49583|2.56628
3.49611|2.57972
3.49638|2.59316
3.49666|2.6066
3.49694|2.62003
3.49721|2.63347
3.49749|2.64691
3.49776|2.66034
3.49804|2.67378
3.49832|2.68722
3.49859|2.70065
3.49887|2.71409
3.49915|2.72753
3.49941|2.74029
3.49949|2.75239
3.49927|2.76382
3.49864|2.77457
3.49746|2.78528
3.49576|2.79591
3.49353|2.80633
3.49087|2.81682
3.48766|2.82708
3.48395|2.83717
3.47973|2.84707
3.47445|2.85796
3.46834|2.8699
3.46224|2.88185
3.45615|2.89381
3.45005|2.90576
3.44392|2.91771
3.43776|2.92964
3.43158|2.94157
3.42541|2.95349
3.41924|2.96542
3.41307|2.97736
3.40691|2.9893
3.40075|3.00124
3.39458|3.01318
3.38841|3.02512
3.38224|3.03706
3.37607|3.04899
3.36989|3.06093
3.36371|3.07286
3.35754|3.0848
3.35137|3.09674
3.3452|3.10868
3.33902|3.12062
3.33285|3.13255
3.32668|3.14449
3.3205|3.15643
3.31433|3.16837
3.30815|3.1803
3.30198|3.19224
3.2958|3.20418
3.28963|3.21612
3.28346|3.22805
3.27728|3.23999
3.27111|3.25193
3.26493|3.26387
3.25876|3.27581
3.25259|3.28774
3.24641|3.29968
3.24024|3.31162
3.23406|3.32356
3.22789|3.33549
3.22172|3.34743
3.21554|3.35937
3.20937|3.37131
3.20319|3.38324
3.19702|3.39518
3.19085|3.40712
3.18467|3.41906
3.1785|3.431
3.17232|3.44293
3.16615|3.45487
3.15998|3.46681
3.1538|3.47875
3.14763|3.49068
3.14145|3.50262
3.13528|3.51456
3.12911|3.5265
3.12293|3.53843
3.11676|3.55037
3.11058|3.56231
3.10441|3.57425
3.09824|3.58619
3.09206|3.59812
3.08589|3.61006
3.08003|3.62139
3.07434|3.63202
3.0687|3.64191
3.06303|3.65099
3.05725|3.65919
3.05092|3.66714
3.04411|3.67464
3.03683|3.68167
3.02914|3.68821
3.02107|3.69425
3.01261|3.69974
3.00382|3.70468
2.99472|3.70904
2.98537|3.71281
2.97466|3.71644
2.96257|3.72003
2.94962|3.72354
2.9367|3.72712
2.92378|3.73073
2.91085|3.73433
2.89791|3.73791
2.88496|3.74147
2.87201|3.74504
2.85906|3.74861
2.84612|3.75219
2.83317|3.75579
2.82023|3.75941
2.80729|3.76302
2.79435|3.76664
2.78141|3.77025
2.76846|3.77386
2.75552|3.77747
2.74257|3.78108
2.72963|3.78469
2.71735|3.78813
2.70569|3.79121
2.69461|3.79382
2.68343|3.79599
2.67213|3.79775
2.66078|3.7991
2.64938|3.80005
2.63659|3.80062
2.62316|3.80106
2.60975|3.80155
2.59633|3.80206
2.5829|3.80255
2.56947|3.80302
2.55605|3.80348
2.54262|3.80392
2.52919|3.80437
2.51576|3.80482
2.50233|3.80529
2.4889|3.80576
2.47547|3.80624
2.46204|3.80671
2.44861|3.80718
2.43518|3.80765
2.42175|3.80811
2.40832|3.80858
2.39488|3.80905
2.38145|3.80952
2.36802|3.80999
2.35459|3.81046
2.34116|3.81093
2.32773|3.8114
2.3143|3.81187
2.30086|3.81234
2.28743|3.81281
2.274|3.81327
2.26057|3.81374
2.24714|3.81421
2.23371|3.81468
2.22027|3.81515
2.20684|3.81562
2.19341|3.81609
2.17998|3.81656
2.16655|3.81703
2.15312|3.8175
2.13968|3.81797
2.12625|3.81844
2.11282|3.81891
2.09939|3.81938
2.08596|3.81985
2.07253|3.82032
2.05909|3.82079
2.04566|3.82126
2.03223|3.82172
2.0188|3.82219
2.00537|3.82266
1.99194|3.82313
1.97851|3.8236
1.96507|3.82407
1.95164|3.82454
1.93821|3.82501
1.92478|3.82548
1.91135|3.82595
1.89792|3.82642
1.88448|3.82689
1.87105|3.82736
1.85762|3.82783
1.84419|3.8283
1.83076|3.82877
1.81733|3.82923
1.80389|3.8297
1.79046|3.83017
1.77703|3.83064
1.7636|3.83111
1.75017|3.83158
1.73674|3.83205
1.7233|3.83252
1.70987|3.83299
1.69644|3.83346
1.68301|3.83393
1.66958|3.8344
1.65615|3.83487
1.64272|3.83534
1.62928|3.83581
1.61585|3.83627
1.60242|3.83674
1.58899|3.83721
1.57556|3.83768
1.56213|3.83815
1.54869|3.83862
1.53526|3.83909
1.52183|3.83956
1.5084|3.84003
1.49497|3.8405
1.48154|3.84097
1.4681|3.84144
1.45467|3.84191
1.44124|3.84237
1.42781|3.84284
1.41438|3.84331
1.40095|3.84378
1.38751|3.84425
1.37408|3.84472
1.36065|3.84519
1.34722|3.84566
1.33379|3.84613
1.32036|3.8466
1.30692|3.84707
1.29349|3.84754
1.28006|3.84801
1.26663|3.84847
1.2532|3.84894
1.23977|3.84941
1.22634|3.84988
1.2129|3.85035
1.19947|3.85082
1.18604|3.85129
1.17261|3.85176
1.15918|3.85223
1.14575|3.8527
1.13231|3.85317
1.11888|3.85363
1.10545|3.8541
1.09202|3.85457
1.07859|3.85504
1.06516|3.85551
1.05172|3.85598
1.03829|3.85645
1.02486|3.85692
1.01143|3.85739
0.997998|3.85786
0.984566|3.85833
0.971135|3.8588
0.957703|3.85926
0.944272|3.85973
0.93084|3.8602
0.917408|3.86067
0.903977|3.86114
0.890545|3.86161
0.877114|3.86208
0.863682|3.86255
0.85025|3.86302
0.836819|3.86349
0.823387|3.86395
0.809955|3.86442
0.796524|3.86489
0.783092|3.86536
0.769661|3.86583
0.756229|3.8663
0.742797|3.86677
0.729366|3.86724
0.715934|3.86771
0.702503|3.86818
0.689071|3.86864
0.675639|3.86911
0.662208|3.86958
0.648776|3.87005
0.635344|3.87052
0.621913|3.87099
0.608481|3.87146
0.59505|3.87193
0.581618|3.8724
0.568186|3.87287
0.554755|3.87333
0.541323|3.8738
0.527892|3.87427
0.51446|3.87474
0.501028|3.87521
0.487597|3.87568
0.474165|3.87615
0.460734|3.87662
0.447302|3.87709
0.43387|3.87755
0.420439|3.87802
0.407007|3.87849
0.393575|3.87896
0.380144|3.87943
0.366712|3.8799
0.353281|3.88037
0.339849|3.88084
0.326417|3.88131
0.312986|3.88178
0.299554|3.88224
0.286123|3.88271
0.272691|3.88318
0.259259|3.88365
0.245828|3.88412
0.232396|3.88459
0.218964|3.88506
0.205533|3.88553
0.192101|3.88599
0.17867|3.88646
0.165238|3.88693
0.151806|3.8874
0.138375|3.88787
0.124943|3.88834
0.111511|3.88881
0.0980799|3.88928
0.0846482|3.88975
0.0712166|3.89021
0.057785|3.89068
0.0443534|3.89115
0.0309218|3.89162
0.0174902|3.89209
0.00405854|3.89256
-0.00937308|3.89303
-0.0228047|3.8935
-0.0362363|3.89396
-0.0496679|3.89443
-0.0630996|3.8949
-0.0765312|3.89537
-0.0899628|3.89584
-0.103394|3.89631
-0.116826|3.89678
-0.130258|3.89725
-0.143689|3.89771
-0.157121|3.89818
-0.170553|3.89865
-0.183984|3.89912
-0.197416|3.89959
-0.210847|3.90006
-0.224279|3.90053
-0.237711|3.901
-0.251142|3.90146
-0.264574|3.90193
-0.278006|3.9024
-0.291437|3.90287
-0.304869|3.90334
-0.3183|3.90381
-0.331732|3.90428
-0.345164|3.90475
-0.358595|3.90521
-0.372027|3.90568
-0.385458|3.90615
-0.39889|3.90662
-0.412322|3.90709
-0.425753|3.90756
-0.439185|3.90803
-0.452617|3.90849
-0.466048|3.90896
-0.47948|3.90943
-0.492911|3.9099
-0.506343|3.91037
-0.519775|3.91084
-0.533206|3.91131
-0.546638|3.91177
-0.56007|3.91224
-0.573501|3.91271
-0.586933|3.91318
-0.600364|3.91365
-0.613796|3.91412
-0.627228|3.91459
-0.640659|3.91506
-0.654091|3.91552
-0.667523|3.91599
-0.680954|3.91646
-0.694386|3.91693
-0.707818|3.9174
-0.721249|3.91787
-0.734681|3.91834
-0.748112|3.9188
-0.761544|3.91927
-0.774976|3.91974
-0.788407|3.92021
-0.801839|3.92068
-0.815271|3.92115
-0.828702|3.92161
-0.842134|3.92208
-0.855565|3.92255
-0.868997|3.92302
-0.882429|3.92349
-0.89586|3.92396
-0.909292|3.92443
-0.922724|3.92489
-0.936155|3.92536
-0.949587|3.92583
-0.963018|3.9263
-0.97645|3.92677
-0.989882|3.92724
-1.00331|3.92771
-1.01674|3.92817
-1.03018|3.92864
-1.04361|3.92911
-1.05704|3.92958
-1.07047|3.93005
-1.0839|3.93052
-1.09733|3.93098
-1.11077|3.93145
-1.1242|3.93192
-1.13763|3.93239
-1.15106|3.93286
-1.16449|3.93333
-1.17792|3.9338
-1.19136|3.93426
-1.20479|3.93473
-1.21822|3.9352
-1.23165|3.93567
-1.24508|3.93614
-1.25851|3.93661
-1.27195|3.93707
-1.28538|3.93754
-1.29881|3.93801
-1.31224|3.93848
-1.32567|3.93895
-1.3391|3.93942
-1.35254|3.93988
-1.36597|3.94035
-1.3794|3.94082
-1.39283|3.94129
-1.40626|3.94176
-1.41969|3.94223
-1.43313|3.94269
-1.44656|3.94316
-1.45999|3.94363
-1.47342|3.9441
-1.48685|3.94457
-1.50028|3.94504
-1.51372|3.9455
-1.52715|3.94597
-1.54058|3.94644
-1.55401|3.94691
-1.56744|3.94738
-1.58087|3.94785
-1.59431|3.94831
-1.60774|3.94878
-1.62117|3.94925
-1.6346|3.94972
-1.64803|3.95019
-1.66146|3.95066
-1.6749|3.95112
-1.68833|3.95159
-1.70176|3.95206
-1.71519|3.95253
-1.72862|3.953
-1.74205|3.95347
-1.75548|3.95393
-1.76892|3.9544
-1.78235|3.95487
-1.79578|3.95534
-1.80921|3.95581
-1.82264|3.95628
-1.83607|3.95674
-1.84951|3.95721
-1.86294|3.95768
-1.87637|3.95815
-1.8898|3.95862
-1.90323|3.95908
-1.91666|3.95955
-1.9301|3.96002
-1.94353|3.96049
-1.95696|3.96096
-1.97039|3.96143
-1.98382|3.96189
-1.99725|3.96236
-2.01069|3.96283
-2.02412|3.9633
-2.03755|3.96377
-2.05098|3.96423
-2.06441|3.9647
-2.07784|3.96517
-2.09128|3.96564
-2.10404|3.96608
-2.11613|3.96634
-2.12756|3.96628
-2.13832|3.9658
-2.14838|3.96484
-2.15836|3.96325
-2.16817|3.96105
-2.17775|3.95825
-2.18737|3.95495
-2.19674|3.95106
-2.20577|3.94655
-2.21448|3.94146
-2.22285|3.93584
-2.23085|3.92969
-2.23946|3.92221
-2.24885|3.91349
-2.25857|3.9043
-2.2683|3.8951
-2.27804|3.88589
-2.28775|3.87665
-2.29744|3.86736
-2.30711|3.85804
-2.31677|3.84873
-2.32644|3.83942
-2.33611|3.83011
-2.34579|3.8208
-2.35548|3.81149
-2.36516|3.80218
-2.37484|3.79287
-2.38452|3.78354
-2.39419|3.77422
-2.40387|3.76489
-2.41354|3.75556
-2.42322|3.74624
-2.43289|3.73691
-2.44257|3.72759
-2.45225|3.71826
-2.46192|3.70893
-2.4716|3.69961
-2.48127|3.69028
-2.49095|3.68095
-2.50063|3.67162
-2.5103|3.6623
-2.51998|3.65297
-2.52965|3.64364
-2.53933|3.63431
-2.54901|3.62499
-2.55868|3.61566
-2.56836|3.60633
-2.57803|3.59701
-2.58771|3.58768
-2.59739|3.57835
-2.60706|3.56902
-2.61674|3.5597
-2.62641|3.55037
-2.63609|3.54104
-2.64577|3.53171
-2.65544|3.52239
-2.66512|3.51306
-2.67479|3.50373
-2.68447|3.4944
-2.69415|3.48508
-2.70382|3.47575
-2.7135|3.46642
-2.72317|3.45709
-2.73285|3.44777
-2.74253|3.43844
-2.7522|3.42911
-2.76188|3.41979
-2.77156|3.41046
-2.78123|3.40113
-2.79091|3.3918
-2.80058|3.38248
-2.81026|3.37315
-2.81994|3.36382
-2.82961|3.35449
-2.83929|3.34517
-2.84896|3.33584
-2.85864|3.32651
-2.86832|3.31718
-2.87799|3.30786
-2.88767|3.29853
-2.89734|3.2892
-2.90702|3.27987
-2.9167|3.27055
-2.92637|3.26122
-2.93605|3.25189
-2.94572|3.24257
-2.9554|3.23324
-2.96508|3.22391
-2.97475|3.21458
-2.98443|3.20526
-2.9941|3.19593
-3.00378|3.1866
-3.01346|3.17727
-3.02313|3.16795
-3.03281|3.15862
-3.04249|3.14929
-3.05216|3.13996
-3.06184|3.13064
-3.07151|3.12131
-3.08119|3.11198
-3.09087|3.10265
-3.10054|3.09333
-3.11022|3.084
-3.11989|3.07467
-3.12957|3.06535
-3.13925|3.05602
-3.14892|3.04669
-3.1586|3.03736
-3.16827|3.02804
-3.17795|3.01871
-3.18763|3.00938
-3.1973|3.00005
-3.20698|2.99073
-3.21665|2.9814
-3.22633|2.97207
-3.23601|2.96274
-3.24568|2.95342
-3.25536|2.94409
-3.26503|2.93476
-3.27471|2.92543
-3.28439|2.91611
-3.29406|2.90678
-3.30374|2.89745
-3.31342|2.88813
-3.32309|2.8788
-3.33277|2.86947
-3.34244|2.86014
-3.35212|2.85082
-3.3618|2.84149
-3.37147|2.83216
-3.38115|2.82283
-3.39082|2.81351
-3.4005|2.80418
-3.41018|2.79485
-3.41985|2.78552
-3.42953|2.7762
-3.4392|2.76687
-3.44888|2.75754
-3.45856|2.74821
-3.46823|2.73889
-3.47791|2.72956
-3.48758|2.72023
-3.49726|2.71091
-3.50694|2.70158
-3.51661|2.69225
-3.52629|2.68292
-3.53597|2.6736
-3.54514|2.66475
-3.55371|2.65626
-3.56157|2.64803
-3.56865|2.64
-3.57487|2.63211
-3.58066|2.62379
-3.58588|2.61512
-3.5905|2.60614
-3.59453|2.59689
-3.59793|2.5874
-3.60088|2.57769
-3.60322|2.56785
-3.60495|2.55789
-3.60607|2.54784
-3.60656|2.53775
-3.60641|2.52627
-3.6058|2.5134
-3.60505|2.5
-3.60431|2.4866
-3.60357|2.4732
-3.60278|2.45979
-3.60196|2.44638
-3.60112|2.43297
-3.60027|2.41957
-3.59942|2.40616
-3.59859|2.39275
-3.59776|2.37933
-3.59694|2.36592
-3.59612|2.35251
-3.59529|2.3391
-3.59446|2.32568
-3.59362|2.31227
-3.59278|2.29886
-3.59195|2.28545
-3.59111|2.27203
-3.59028|2.25862
-3.58944|2.24521
-3.58861|2.23179
-3.58777|2.21838
-3.58694|2.20496
-3.5861|2.19155
-3.58527|2.17814
-3.58443|2.16472
-3.58359|2.15131
-3.58276|2.1379
-3.58192|2.12448
-3.58109|2.11107
-3.58025|2.09765
-3.57946|2.08493
-3.57887|2.07284
-3.57861|2.06075
-3.57865|2.04864
-3.57898|2.03655
-3.5796|2.02453
-3.58059|2.01113
-3.58154|1.99773
-3.58249|1.98433
-3.58344|1.97094
-3.58441|1.95753
-3.5854|1.94413
-3.5864|1.93073
-3.58741|1.91734
-3.5884|1.90393
-3.5894|1.89053
-3.59038|1.87713
-3.59136|1.86373
-3.59235|1.85032
-3.59333|1.83692
-3.59432|1.82352
-3.59532|1.81012
-3.59631|1.79671
-3.5973|1.78331
-3.59829|1.76991
-3.59928|1.7565
-3.60027|1.7431
-3.60126|1.7297
-3.60225|1.71629
-3.60324|1.70289
-3.60423|1.68949
-3.60522|1.67608
-3.60621|1.66268
-3.6072|1.64928
-3.60819|1.63587
-3.60918|1.62247
-3.61017|1.60907
-3.61116|1.59566
-3.61215|1.58226
-3.61314|1.56886
-3.61413|1.55545
-3.61507|1.54274
-3.61579|1.53066
-3.61619|1.51857
-3.61629|1.50647
-3.6161|1.49437
-3.61562|1.48228
-3.61484|1.4703
-3.6137|1.45692
-3.61257|1.44353
-3.61146|1.43015
-3.61033|1.41676
-3.60919|1.40337
-3.60803|1.38999
-3.60686|1.3766
-3.60569|1.36322
-3.60452|1.34983
-3.60336|1.33644
-3.60221|1.32305
-3.60106|1.30966
-3.5999|1.29627
-3.59875|1.28288
-3.59759|1.26949
-3.59643|1.2561
-3.59527|1.24272
-3.59411|1.22933
-3.59295|1.21594
-3.59179|1.20255
-3.59063|1.18916
-3.58947|1.17577
-3.58831|1.16238
-3.58715|1.14899
-3.58599|1.1356
-3.58483|1.12221
-3.58368|1.10882
-3.58252|1.09543
-3.58136|1.08204
-3.5802|1.06865
-3.57904|1.05526
-3.57788|1.04187
-3.57672|1.02848
-3.57556|1.01509
-3.5744|1.0017
-3.57324|0.988311
-3.57208|0.974922
-3.57093|0.961532
-3.56977|0.948142
-3.56861|0.934753
-3.56745|0.921363
-3.56629|0.907973
-3.56513|0.894583
-3.56397|0.881194
-3.56287|0.868492
-3.562|0.856425
-3.56144|0.844337
-3.56119|0.832238
-3.56123|0.820137
-3.56156|0.808043
-3.56218|0.796071
-3.56315|0.782671
-3.5641|0.769274
-3.56504|0.755878
-3.566|0.742478
-3.56697|0.729075
-3.56796|0.715674
-3.56895|0.702275
-3.56995|0.688875
-3.57089|0.676163
-3.57165|0.663433
-3.57224|0.650692
-3.57267|0.637929
-3.57294|0.625163
-3.57307|0.612395
-3.57304|0.599628
-3.57286|0.586895
-3.57253|0.57424
-3.57206|0.561568
-3.57146|0.548827
-3.57069|0.5361
-3.56976|0.523383
-3.56867|0.510679
-3.56742|0.497991
-3.566|0.48532
-3.56451|0.473317
-3.56304|0.461315
-3.56157|0.449313
-3.55994|0.435977
-3.55829|0.422639
-3.55664|0.409301
-3.55499|0.395965
-3.55333|0.38263
-3.55167|0.369293
-3.55002|0.355956
-3.54837|0.342618
-3.54672|0.32928
-3.54507|0.315943
-3.54342|0.302605
-3.54177|0.289267
-3.54012|0.275929
-3.53846|0.262591
-3.53681|0.249254
-3.53516|0.235916
-3.53351|0.222578
-3.53186|0.20924
-3.53029|0.196587
-3.52897|0.184596
-3.52798|0.17255
-3.5273|0.160467
-3.5269|0.148372
-3.52679|0.136274
-3.52697|0.124179
-3.52749|0.110752
-3.52798|0.0973305
-3.52847|0.0839094
-3.52896|0.0704852
-3.52948|0.0570568
-3.53001|0.0436297
-3.53055|0.0302046
-3.53109|0.016779
-3.53163|0.00335155
-3.53216|-0.0100776
-3.53268|-0.0235059
-3.5332|-0.0369341
-3.53373|-0.0503627
-3.53426|-0.063792
-3.53479|-0.0772212
-3.53532|-0.0906501
-3.53585|-0.104079
-3.53638|-0.117508
-3.53691|-0.130937
-3.53744|-0.144367
-3.53797|-0.157796
-3.5385|-0.171225
-3.53903|-0.184655
-3.53956|-0.198084
-3.54009|-0.211513
-3.54062|-0.224943
-3.54115|-0.238372
-3.54168|-0.251801
-3.54221|-0.265231
-3.54274|-0.27866
-3.54327|-0.292089
-3.5438|-0.305519
-3.54433|-0.318948
-3.54486|-0.332378
-3.54539|-0.345807
-3.54592|-0.359236
-3.54645|-0.372666
-3.54698|-0.386095
-3.54751|-0.399524
-3.54804|-0.412954
-3.54857|-0.426383
-3.5491|-0.439812
-3.54963|-0.453242
-3.55016|-0.466671
-3.55069|-0.4801
-3.55122|-0.49353
-3.55175|-0.506959
-3.55228|-0.520388
-3.55281|-0.533818
-3.55334|-0.547247
-3.55387|-0.560676
-3.5544|-0.574106
-3.55493|-0.587535
-3.55546|-0.600964
-3.55599|-0.614394
-3.55652|-0.627823
-3.55705|-0.641253
-3.55758|-0.654682
-3.55811|-0.668111
-3.55864|-0.681541
-3.55917|-0.69497
-3.5597|-0.708399
-3.56023|-0.721829
-3.56075|-0.735258
-3.56128|-0.748687
-3.56181|-0.762117
-3.56234|-0.775546
-3.56287|-0.788975
-3.5634|-0.802405
-3.56393|-0.815834
-3.56446|-0.829263
-3.56499|-0.842693
-3.56552|-0.856122
-3.56605|-0.869552
-3.56658|-0.882981
-3.56711|-0.89641
-3.56764|-0.90984
-3.56817|-0.923269
-3.5687|-0.936698
-3.56923|-0.950128
-3.56976|-0.963557
-3.57029|-0.976986
-3.57082|-0.990416
-3.57135|-1.00385
-3.57188|-1.01727
-3.57241|-1.0307
-3.57294|-1.04413
-3.57347|-1.05756
-3.574|-1.07099
-3.57453|-1.08442
-3.57506|-1.09785
-3.57559|-1.11128
-3.57612|-1.12471
-3.57665|-1.13814
-3.57718|-1.15157
-3.57771|-1.165
-3.57824|-1.17843
-3.57876|-1.19186
-3.57929|-1.20529
-3.57982|-1.21871
-3.58035|-1.23214
-3.58088|-1.24557
-3.58141|-1.259
-3.58194|-1.27243
-3.58247|-1.28586
-3.583|-1.29929
-3.58353|-1.31272
-3.58406|-1.32615
-3.58459|-1.33958
-3.58512|-1.35301
-3.58565|-1.36644
-3.58618|-1.37987
-3.58671|-1.3933
-3.58724|-1.40673
-3.58777|-1.42016
-3.5883|-1.43358
-3.58883|-1.44701
-3.58936|-1.46044
-3.58989|-1.47387
-3.59042|-1.4873
-3.59095|-1.50073
-3.59148|-1.51416
-3.592|-1.52759
-3.59253|-1.54102
-3.59306|-1.55445
-3.59359|-1.56788
-3.59412|-1.58131
-3.59465|-1.59474
-3.59518|-1.60817
-3.59571|-1.6216
-3.59624|-1.63502
-3.59677|-1.64845
-3.5973|-1.66188
-3.59783|-1.67531
-3.59836|-1.68874
-3.59889|-1.70217
-3.59942|-1.7156
-3.59995|-1.72903
-3.60048|-1.74246
-3.60101|-1.75589
-3.60154|-1.76932
-3.60207|-1.78275
-3.60259|-1.79618
-3.60312|-1.80961
-3.60365|-1.82304
-3.60418|-1.83647
-3.60471|-1.84989
-3.60524|-1.86332
-3.60577|-1.87675
-3.6063|-1.89018
-3.60683|-1.90361
-3.60736|-1.91704
-3.60789|-1.93047
-3.60842|-1.9439
-3.60895|-1.95733
-3.60948|-1.97076
-3.61001|-1.98419
-3.61054|-1.99762
-3.61107|-2.01105
-3.61159|-2.02448
-3.61212|-2.03791
-3.61265|-2.05134
-3.61318|-2.06476
-3.61371|-2.07819
-3.61424|-2.09162
-3.61477|-2.10505
-3.6153|-2.11848
-3.61583|-2.13191
-3.61636|-2.14534
-3.61689|-2.15877
-3.61742|-2.1722
-3.61795|-2.18563
-3.61848|-2.19906
-3.61901|-2.21249
-3.61954|-2.22592
-3.62006|-2.23935
-3.62059|-2.25278
-3.62112|-2.26621
-3.62163|-2.27896
-3.62194|-2.29106
-3.62193|-2.30249
-3.62148|-2.31392
-3.6206|-2.32532
-3.61932|-2.33666
-3.61761|-2.34781
-3.61556|-2.35899
-3.61308|-2.37008
-3.60983|-2.38246
-3.60629|-2.39541
-3.60276|-2.40837
-3.59923|-2.42132
-3.59569|-2.43428
-3.59212|-2.44723
-3.58854|-2.46018
-3.58495|-2.47313
-3.58136|-2.48607
-3.57778|-2.49902
-3.5742|-2.51198
-3.57062|-2.52493
-3.56705|-2.53788
-3.56347|-2.55084
-3.55989|-2.56379
-3.55631|-2.57675
-3.55272|-2.5897
-3.54914|-2.60265
-3.54556|-2.6156
-3.54197|-2.62856
-3.53839|-2.64151
-3.53481|-2.65446
-3.53123|-2.66742
-3.52765|-2.68037
-3.52406|-2.69332
-3.52048|-2.70628
-3.5169|-2.71923
-3.51331|-2.73218
-3.50973|-2.74514
-3.50615|-2.75809
-3.50256|-2.77104
-3.49898|-2.784
-3.4954|-2.79695
-3.49182|-2.8099
-3.48823|-2.82286
-3.48465|-2.83581
-3.48107|-2.84876
-3.47749|-2.86172
-3.4739|-2.87467
-3.47032|-2.88762
-3.46674|-2.90058
-3.46316|-2.91353
-3.45957|-2.92649
-3.45599|-2.93944
-3.45241|-2.95239
-3.44882|-2.96535
-3.44524|-2.9783
-3.44166|-2.99125
-3.43808|-3.00421
-3.43449|-3.01716
-3.43091|-3.03011
-3.42733|-3.04307
-3.42375|-3.05602
-3.42016|-3.06897
-3.41658|-3.08193
-3.413|-3.09488
-3.40942|-3.10783
-3.40583|-3.12079
-3.40225|-3.13374
-3.39867|-3.14669
-3.39508|-3.15965
-3.3915|-3.1726
-3.38792|-3.18555
-3.38434|-3.19851
-3.38075|-3.21146
-3.37717|-3.22441
-3.37359|-3.23737
-3.37001|-3.25032
-3.36642|-3.26327
-3.36284|-3.27623
-3.35926|-3.28918
-3.35568|-3.30214
-3.35209|-3.31509
-3.34851|-3.32804
-3.34511|-3.34033
-3.34173|-3.35191
-3.33825|-3.36274
-3.33456|-3.37279
-3.33059|-3.382
-3.32602|-3.39106
-3.32092|-3.39985
-3.3153|-3.40829
-3.30917|-3.41635
-3.3025|-3.42391
-3.29537|-3.43104
-3.2878|-3.4377
-3.27981|-3.44387
-3.27144|-3.44949
-3.26162|-3.4553
-3.25043|-3.46139
-3.23853|-3.46756
-3.22667|-3.47379
-3.21481|-3.48005
-3.20294|-3.48631
-3.19105|-3.49255
-3.17916|-3.49878
-3.16727|-3.50501
-3.15538|-3.51125
-3.14349|-3.5175
-3.13161|-3.52377
-3.11973|-3.53005
-3.10786|-3.53633
-3.09598|-3.54262
-3.0841|-3.5489
-3.07222|-3.55518
-3.06034|-3.56145
-3.04846|-3.56773
-3.03658|-3.57401
-3.0247|-3.5803
-3.01282|-3.58658
-3.00094|-3.59287
-2.98906|-3.59915
-2.97779|-3.60512
-2.96705|-3.61061
-2.95678|-3.61551
-2.94695|-3.61973
-2.93685|-3.62343
-2.92656|-3.62662
-2.91612|-3.62927
-2.90421|-3.63162
-2.89097|-3.63393
-2.87777|-3.63632
-2.86458|-3.63875
-2.85137|-3.64117
-2.83816|-3.64358
-2.82493|-3.64596
-2.81171|-3.64832
-2.79849|-3.65068
-2.78526|-3.65305
-2.77204|-3.65544
-2.75882|-3.65783
-2.7456|-3.66024
-2.73238|-3.66264
-2.71915|-3.66504
-2.70593|-3.66744
-2.69271|-3.66983
-2.67948|-3.67222
-2.66626|-3.67462
-2.65303|-3.67701
-2.63981|-3.67941
-2.62659|-3.68181
-2.61404|-3.68408
-2.60214|-3.68607
-2.59082|-3.68764
-2.57944|-3.68878
-2.56803|-3.6895
-2.55521|-3.68985
-2.54177|-3.69005
-2.52835|-3.6903
-2.51493|-3.69057
-2.5015|-3.69084
-2.48806|-3.6911
-2.47463|-3.69133
-2.4612|-3.69154
-2.44776|-3.69176
-2.43433|-3.69198
-2.42089|-3.69221
-2.40745|-3.69245
-2.39402|-3.6927
-2.38058|-3.69294
-2.36714|-3.69318
-2.35371|-3.69342
-2.34027|-3.69366
-2.32683|-3.69389
-2.31339|-3.69413
-2.29996|-3.69437
-2.28652|-3.6946
-2.27308|-3.69484
-2.25964|-3.69508
-2.24621|-3.69532
-2.23277|-3.69556
-2.21933|-3.6958
-2.20589|-3.69604
-2.19246|-3.69628
-2.17902|-3.69651
-2.16558|-3.69675
-2.15214|-3.69699
-2.13871|-3.69723
-2.12527|-3.69747
-2.11183|-3.69771
-2.09839|-3.69795
-2.08495|-3.69818
-2.07152|-3.69842
-2.05808|-3.69866
-2.04464|-3.6989
-2.0312|-3.69914
-2.01777|-3.69938
-2.00433|-3.69962
-1.99089|-3.69985
-1.97745|-3.70009
-1.96402|-3.70033
-1.95058|-3.70057
-1.93714|-3.70081
-1.9237|-3.70105
-1.91026|-3.70128
-1.89683|-3.70152
-1.88339|-3.70176
-1.86995|-3.702
-1.85651|-3.70224
-1.84308|-3.70248
-1.82964|-3.70271
-1.8162|-3.70295
-1.80276|-3.70319
-1.78933|-3.70343
-1.77589|-3.70367
-1.76245|-3.70391
-1.74901|-3.70415
-1.73557|-3.70438
-1.72214|-3.70462
-1.7087|-3.70486
-1.69526|-3.7051
-1.68182|-3.70534
-1.66839|-3.70558
-1.65495|-3.70581
-1.64151|-3.70605
-1.62807|-3.70629
-1.61464|-3.70653
-1.6012|-3.70677
-1.58776|-3.70701
-1.57432|-3.70724
-1.56088|-3.70748
-1.54745|-3.70772
-1.53401|-3.70796
-1.52057|-3.7082
-1.50713|-3.70844
-1.4937|-3.70867
-1.48026|-3.70891
-1.46682|-3.70915
-1.45338|-3.70939
-1.43995|-3.70963
-1.42651|-3.70987
-1.41307|-3.7101
-1.39963|-3.71034
-1.38619|-3.71058
-1.37276|-3.71082
-1.35932|-3.71106
-1.34588|-3.7113
-1.33244|-3.71153
-1.31901|-3.71177
-1.30557|-3.71201
-1.29213|-3.71225
-1.27869|-3.71249
-1.26526|-3.71272
-1.25182|-3.71296
-1.23838|-3.7132
-1.22494|-3.71344
-1.21151|-3.71368
-1.19807|-3.71392
-1.18463|-3.71415
-1.17119|-3.71439
-1.15775|-3.71463
-1.14432|-3.71487
-1.13088|-3.71511
-1.11744|-3.71534
-1.104|-3.71558
-1.09057|-3.71582
-1.07713|-3.71606
-1.06369|-3.7163
-1.05025|-3.71654
-1.03682|-3.71677
-1.02338|-3.71701
-1.00994|-3.71725
-0.996502|-3.71749
-0.983064|-3.71773
-0.969627|-3.71796
-0.956189|-3.7182
-0.942751|-3.71844
-0.929314|-3.71868
-0.915876|-3.71892
-0.902438|-3.71916
-0.889|-3.71939
-0.875563|-3.71963
-0.862125|-3.71987
-0.848687|-3.72011
-0.83525|-3.72035
-0.821812|-3.72058
-0.808374|-3.72082
-0.794937|-3.72106
-0.781499|-3.7213
-0.768061|-3.72154
-0.754624|-3.72177
-0.741186|-3.72201
-0.727748|-3.72225
-0.71431|-3.72249
-0.700873|-3.72273
-0.687435|-3.72296
-0.673997|-3.7232
-0.66056|-3.72344
-0.647122|-3.72368
-0.633684|-3.72392
-0.620247|-3.72416
-0.606809|-3.72439
-0.593371|-3.72463
-0.579934|-3.72487
-0.566496|-3.72511
-0.553058|-3.72535
-0.53962|-3.72558
-0.526183|-3.72582
-0.512745|-3.72606
-0.499307|-3.7263
-0.48587|-3.72654
-0.472432|-3.72677
-0.458994|-3.72701
-0.445557|-3.72725
-0.432119|-3.72749
-0.418681|-3.72773
-0.405244|-3.72796
-0.391806|-3.7282
-0.378368|-3.72844
-0.36493|-3.72868
-0.351493|-3.72891
-0.338055|-3.72915
-0.324617|-3.72939
-0.31118|-3.72963
-0.297742|-3.72987
-0.284304|-3.7301
-0.270867|-3.73034
-0.257429|-3.73058
-0.243991|-3.73082
-0.230553|-3.73106
-0.217116|-3.73129
-0.203678|-3.73153
-0.19024|-3.73177
-0.176803|-3.73201
-0.163365|-3.73225
-0.149927|-3.73248
-0.13649|-3.73272
-0.123052|-3.73296
-0.109614|-3.7332
-0.0961765|-3.73344
-0.0827388|-3.73367
-0.0693011|-3.73391
-0.0558634|-3.73415
-0.0424257|-3.73439
-0.028988|-3.73462
-0.0155503|-3.73486
-0.00211265|-3.7351
0.0113251|-3.73534
0.0247627|-3.73558
0.0382004|-3.73581
0.0516381|-3.73605
0.0650758|-3.73629
0.0785135|-3.73653
0.0919512|-3.73677
0.105389|-3.737
0.118827|-3.73724
0.132264|-3.73748
0.145702|-3.73772
0.15914|-3.73795
0.172577|-3.73819
0.186015|-3.73843
0.199453|-3.73867
0.212891|-3.73891
0.226328|-3.73914
0.239766|-3.73938
0.253204|-3.73962
0.266641|-3.73986
0.280079|-3.74009
0.293517|-3.74033
0.306954|-3.74057
0.320392|-3.74081
0.33383|-3.74105
0.347267|-3.74128
0.360705|-3.74152
0.374143|-3.74176
0.387581|-3.742
0.401018|-3.74223
0.414456|-3.74247
0.427894|-3.74271
0.441331|-3.74295
0.454769|-3.74318
0.468207|-3.74342
0.481644|-3.74366
0.495082|-3.7439
0.50852|-3.74414
0.521958|-3.74437
0.535395|-3.74461
0.548833|-3.74485
0.562271|-3.74509
0.575708|-3.74532
0.589146|-3.74556
0.602584|-3.7458
0.616021|-3.74604
0.629459|-3.74627
0.642897|-3.74651
0.656335|-3.74675
0.669772|-3.74699
0.68321|-3.74722
0.696648|-3.74746
0.710085|-3.7477
0.723523|-3.74794
0.736961|-3.74818
0.750398|-3.74841
0.763836|-3.74865
0.777274|-3.74889
0.790712|-3.74913
0.804149|-3.74936
0.817587|-3.7496
0.831025|-3.74984
0.844462|-3.75008
0.8579|-3.75031
0.871338|-3.75055
0.884775|-3.75079
0.898213|-3.75103
0.911651|-3.75126
0.925089|-3.7515
0.938526|-3.75174
0.951964|-3.75198
0.965402|-3.75221
0.978839|-3.75245
0.992277|-3.75269
1.00571|-3.75293
1.01915|-3.75316
1.03259|-3.7534
1.04603|-3.75364
1.05947|-3.75388
1.0729|-3.75411
1.08634|-3.75435
1.09978|-3.75459
1.11322|-3.75483
1.12665|-3.75506
1.14009|-3.7553
1.15353|-3.75554
1.16697|-3.75578
1.1804|-3.75601
1.19384|-3.75625
1.20728|-3.75649
1.22072|-3.75673
1.23416|-3.75696
1.24759|-3.7572
1.26103|-3.75744
1.27447|-3.75768
1.28791|-3.75791
1.30134|-3.75815
1.31478|-3.75839
1.32822|-3.75863
1.34166|-3.75886
1.3551|-3.7591
1.36853|-3.75934
1.38197|-3.75958
1.39541|-3.75981
1.40885|-3.76005
1.42228|-3.76029
1.43572|-3.76053
1.44916|-3.76076
1.4626|-3.761
1.47603|-3.76124
1.48947|-3.76148
1.50291|-3.76171
1.51635|-3.76195
1.52979|-3.76219
1.54322|-3.76242
1.55666|-3.76266
1.5701|-3.7629
1.58354|-3.76314
1.59697|-3.76337
1.61041|-3.76361
1.62385|-3.76385
1.63729|-3.76409
1.65072|-3.76432
1.66416|-3.76456
1.6776|-3.7648
1.69104|-3.76504
1.70448|-3.76527
1.71791|-3.76551
1.73135|-3.76575
1.74479|-3.76598
1.75823|-3.76622
1.77166|-3.76646
1.7851|-3.7667
1.79854|-3.76693
1.81198|-3.76717
1.82541|-3.76741
1.83885|-3.76765
1.85229|-3.76788
1.86573|-3.76812
1.87917|-3.76836
1.8926|-3.76859
1.90604|-3.76883
1.91948|-3.76907
1.93292|-3.76931
1.94635|-3.76954
1.95979|-3.76978
1.97323|-3.77002
1.98667|-3.77026
2.0001|-3.77049
2.01354|-3.77073
2.02698|-3.77097
2.04042|-3.7712
2.05386|-3.77144
2.06729|-3.77168
2.08073|-3.77192
2.09417|-3.77215
2.10761|-3.77239
2.12104|-3.77263
2.13448|-3.77286
2.14792|-3.7731
2.16136|-3.77334
2.1748|-3.77358
2.18823|-3.77381
2.20167|-3.77405
2.21511|-3.77429
2.22855|-3.77452
2.24198|-3.77476
2.25542|-3.775
2.26886|-3.77524
2.2823|-3.77547
2.29573|-3.77571
2.30917|-3.77595
2.32261|-3.77618
2.33605|-3.77642
2.34949|-3.77666
2.36292|-3.7769
2.37636|-3.77713
2.3898|-3.77737
2.40324|-3.77761
2.41667|-3.77784
2.43011|-3.77808
2.44355|-3.77832
2.45699|-3.77856
2.47042|-3.77879
2.48386|-3.77903
2.4973|-3.77927
2.51074|-3.7795
2.52418|-3.77974
2.53761|-3.77998
2.55105|-3.78021
2.56449|-3.78045
2.57793|-3.78069
2.59136|-3.78093
2.6048|-3.78116
2.61824|-3.7814
2.63168|-3.78164
2.64511|-3.78187
2.65855|-3.78211
2.67199|-3.78235
2.68543|-3.78259
2.69819|-3.78281
2.71029|-3.78286
2.72172|-3.7826
2.73314|-3.7819
2.74452|-3.78078
2.75576|-3.77923
2.76697|-3.77732
2.7781|-3.77499
2.79052|-3.77192
2.80352|-3.76856
2.81653|-3.76523
2.82953|-3.76189
2.84253|-3.75852
2.85554|-3.75514
2.86853|-3.75173
2.88153|-3.74832
2.89452|-3.74492
2.90752|-3.74152
2.92053|-3.73813
2.93353|-3.73474
2.94653|-3.73135
2.95954|-3.72795
2.97254|-3.72455
2.98554|-3.72115
2.99854|-3.71775
3.01088|-3.71453
3.0225|-3.71131
3.03339|-3.70798
3.04348|-3.70443
3.05338|-3.70034
3.06313|-3.69574
3.07265|-3.69067
3.08188|-3.68514
3.09083|-3.67916
3.09947|-3.67274
3.10882|-3.66507
3.119|-3.65636
3.12919|-3.64764
3.1394|-3.63891
3.14959|-3.63018
3.15976|-3.62143
3.16992|-3.61264
3.18007|-3.60385
3.19022|-3.59506
3.20037|-3.58627
3.21053|-3.57748
3.22069|-3.56869
3.23085|-3.5599
3.24102|-3.55111
3.25118|-3.54232
3.26133|-3.53352
3.27149|-3.52472
3.28165|-3.51592
3.2918|-3.50712
3.30196|-3.49832
3.31212|-3.48952
3.32228|-3.48072
3.33244|-3.47192
3.34259|-3.46312
3.35223|-3.45477
3.36124|-3.44675
3.36953|-3.43895
3.37702|-3.4313
3.3841|-3.42325
3.39085|-3.41482
3.39714|-3.40606
3.40371|-3.39588
3.41071|-3.38452
3.41771|-3.37307
3.42474|-3.36165
3.43176|-3.35021
3.43878|-3.33876
3.44578|-3.32729
3.45277|-3.31581
3.45975|-3.30434
3.46673|-3.29287
3.47373|-3.2814
3.48075|-3.26994
3.48777|-3.25849
3.49479|-3.24703
3.50181|-3.23557
3.50882|-3.22411
3.51583|-3.21264
3.52284|-3.20118
3.52986|-3.18971
3.53687|-3.17825
3.54389|-3.16679
3.55091|-3.15533
3.55792|-3.14386
3.56494|-3.1324
3.57196|-3.12094
3.57897|-3.10948
3.58599|-3.09801
3.59301|-3.08655
3.60002|-3.07509
3.60704|-3.06363
3.61406|-3.05216
3.62107|-3.0407
3.62809|-3.02924
3.63511|-3.01778
3.64212|-3.00631
3.64914|-2.99485
3.65616|-2.98339
3.66317|-2.97192
3.67019|-2.96046
3.67721|-2.949
3.68422|-2.93754
3.69124|-2.92607
3.69826|-2.91461
3.70527|-2.90315
3.71229|-2.89169
3.71931|-2.88022
3.72632|-2.86876
3.73334|-2.8573
3.74036|-2.84584
3.74737|-2.83437
3.75439|-2.82291
3.76141|-2.81145
3.76842|-2.79998
3.77544|-2.78852
3.78246|-2.77706
3.78947|-2.7656
3.79649|-2.75413
3.80351|-2.74267
3.81052|-2.73121
3.81754|-2.71975
3.82456|-2.70828
3.83157|-2.69682
3.83823|-2.68595
3.84438|-2.67557
3.84992|-2.66563
3.85475|-2.65608
3.85907|-2.64624
3.86291|-2.63617
3.86621|-2.62592
3.86897|-2.61552
3.8713|-2.605
3.87311|-2.59438
3.87439|-2.58369
3.87514|-2.57296
3.87535|-2.5622
3.87498|-2.55008
3.87429|-2.53667
3.87363|-2.52326
3.87298|-2.50985
3.87232|-2.49644
3.87162|-2.48302
3.8709|-2.4696
3.87016|-2.45619
3.86942|-2.44278
3.86869|-2.42936
3.86796|-2.41594
3.86725|-2.40252
3.86653|-2.3891
3.86581|-2.37568
3.86509|-2.36226
3.86436|-2.34885
3.86363|-2.33543
3.8629|-2.32201
3.86217|-2.30859
3.86145|-2.29517
3.86072|-2.28175
3.85999|-2.26833
3.85927|-2.25491
3.85854|-2.24149
3.85781|-2.22807
3.85708|-2.21465
3.85636|-2.20123
3.85563|-2.18781
3.8549|-2.17439
3.85417|-2.16097
3.85344|-2.14755
3.85272|-2.13413
3.85199|-2.12071
3.85126|-2.10729
3.85053|-2.09387
3.84981|-2.08045
3.84908|-2.06703
3.84835|-2.05361
3.84762|-2.04019
3.8469|-2.02677
3.84617|-2.01335
3.84544|-1.99993
3.84471|-1.98651
3.84399|-1.97309
3.84326|-1.95967
3.84253|-1.94625
3.8418|-1.93283
3.84108|-1.91941
3.84035|-1.90599
3.83962|-1.89256
3.83889|-1.87914
3.83816|-1.86572
3.83744|-1.8523
3.83671|-1.83888
3.83598|-1.82546
3.83525|-1.81204
3.83453|-1.79862
3.8338|-1.7852
3.83307|-1.77178
3.83234|-1.75836
3.83162|-1.74494
3.83089|-1.73152
3.83016|-1.7181
3.82943|-1.70468
3.82871|-1.69126
3.82798|-1.67784
3.82725|-1.66442
3.82652|-1.651
3.8258|-1.63758
3.82507|-1.62416
3.82434|-1.61074
3.82361|-1.59732
3.82289|-1.5839
3.82216|-1.57048
3.82143|-1.55706
3.8207|-1.54364
3.81998|-1.53022
3.81925|-1.5168
3.81852|-1.50338
3.81779|-1.48996
3.81707|-1.47654
3.81634|-1.46312
3.81561|-1.4497
3.81488|-1.43628
3.81416|-1.42286
3.81343|-1.40944
3.8127|-1.39602
3.81197|-1.3826
3.81125|-1.36918
3.81052|-1.35576
3.80979|-1.34234
3.80906|-1.32892
3.80834|-1.3155
3.80761|-1.30208
3.80688|-1.28866
3.80615|-1.27524
3.80543|-1.26182
3.8047|-1.2484
3.80397|-1.23498
3.80324|-1.22156
3.80252|-1.20814
3.80179|-1.19472
3.80106|-1.1813
3.80034|-1.16788
3.79961|-1.15446
3.79888|-1.14104
3.79815|-1.12762
3.79743|-1.1142
3.7967|-1.10078
3.79597|-1.08736
3.79524|-1.07394
3.79452|-1.06052
3.79379|-1.0471
3.79306|-1.03368
3.79233|-1.02026
3.79161|-1.00684
3.79088|-0.993419
3.79015|-0.979999
3.78942|-0.966579
3.7887|-0.953158
3.78797|-0.939738
3.78724|-0.926318
3.78652|-0.912898
3.78579|-0.899478
3.78506|-0.886058
3.78433|-0.872638
3.78361|-0.859218
3.78288|-0.845798
3.78215|-0.832378
3.78142|-0.818957
3.7807|-0.805537
3.77997|-0.792117
3.77924|-0.778697
3.77852|-0.765277
3.77779|-0.751857
3.77706|-0.738437
3.77633|-0.725017
3.77561|-0.711597
3.77488|-0.698177
3.77415|-0.684756
3.77342|-0.671336
3.7727|-0.657916
3.77197|-0.644496
3.77124|-0.631076
3.77052|-0.617656
3.76979|-0.604236
3.76906|-0.590816
3.76833|-0.577396
3.76761|-0.563976
3.76688|-0.550555
3.76615|-0.537135
3.76543|-0.523715
3.7647|-0.510295
3.76397|-0.496875
3.76324|-0.483455
3.76252|-0.470035
3.76179|-0.456615
3.76106|-0.443195
3.76034|-0.429774
3.75961|-0.416354
3.75888|-0.402934
3.75815|-0.389514
3.75743|-0.376094
3.7567|-0.362674
3.75597|-0.349254
3.75525|-0.335834
3.75452|-0.322414
3.75379|-0.308993
3.75306|-0.295573
3.75234|-0.282153
3.75161|-0.268733
3.75088|-0.255313
3.75016|-0.241893
3.74943|-0.228473
3.7487|-0.215053
3.74797|-0.201633
3.74725|-0.188212
3.74652|-0.174792
3.74579|-0.161372
3.74507|-0.147952
3.74434|-0.134532
3.74361|-0.121112
3.74288|-0.107692
3.74216|-0.0942717
3.74143|-0.0808516
3.7407|-0.0674314
3.73998|-0.0540113
3.73925|-0.0405912
3.73852|-0.0271711
3.73779|-0.013751
3.73707|-0.000330869
3.73634|0.0130892
3.73561|0.0265094
3.73489|0.0399295
3.73416|0.0533496
3.73343|0.0667697
3.73271|0.0801898
3.73198|0.0936099
3.73125|0.10703
3.73052|0.12045
3.7298|0.13387
3.72907|0.14729
3.72834|0.160711
3.72762|0.174131
3.72689|0.187551
3.72616|0.200971
3.72544|0.214391
3.72471|0.227811
3.72398|0.241231
3.72325|0.254651
3.72253|0.268071
3.7218|0.281492
3.72107|0.294912
3.72035|0.308332
3.71962|0.321752
3.71889|0.335172
3.71817|0.348592
3.71744|0.362012
3.71671|0.375432
3.71599|0.388853
3.71526|0.402273
3.71453|0.415693
3.7138|0.429113
3.71308|0.442533
3.71235|0.455953
3.71162|0.469373
3.7109|0.482793
3.71017|0.496214
3.70944|0.509634
3.70872|0.523054
3.70799|0.536474
3.70726|0.549894
3.70654|0.563314
3.70581|0.576734
3.70508|0.590154
3.70436|0.603575
3.70363|0.616995
3.7029|0.630415
3.70217|0.643835
3.70145|0.657255
3.70072|0.670675
3.69999|0.684095
3.69927|0.697515
3.69854|0.710936
3.69781|0.724356
3.69709|0.737776
3.69636|0.751196
3.69563|0.764616
3.69491|0.778036
3.69418|0.791456
3.69345|0.804876
3.69273|0.818297
3.692|0.831717
3.69127|0.845137
3.69055|0.858557
3.68982|0.871977
3.68909|0.885397
3.68837|0.898817
3.68764|0.912237
3.68691|0.925658
3.68619|0.939078
3.68546|0.952498
3.68473|0.965918
3.68401|0.979338
3.68328|0.992758
3.68255|1.00618
3.68182|1.0196
3.6811|1.03302
3.68037|1.04644
3.67964|1.05986
3.67892|1.07328
3.67819|1.0867
3.67746|1.10012
3.67674|1.11354
3.67601|1.12696
3.67528|1.14038
3.67456|1.1538
3.67383|1.16722
3.6731|1.18064
3.67238|1.19406
3.67165|1.20748
3.67092|1.2209
3.6702|1.23432
3.66947|1.24774
3.66874|1.26116
3.66802|1.27458
3.66729|1.288
3.66656|1.30142
3.66584|1.31484
3.66511|1.32826
3.66438|1.34168
3.66366|1.3551
3.66293|1.36852
3.6622|1.38194
3.66148|1.39536
3.66075|1.40878
3.66002|1.4222
3.6593|1.43562
3.65857|1.44904
3.65784|1.46246
3.65712|1.47588
3.65639|1.4893
3.65567|1.50272
3.65494|1.51614
3.65421|1.52956
3.65349|1.54298
3.65276|1.5564
3.65203|1.56982
3.65131|1.58324
3.65058|1.59666
3.64985|1.61008
3.64913|1.6235
3.6484|1.63692
3.64767|1.65034
3.64695|1.66377
3.64622|1.67719
3.64549|1.69061
3.64477|1.70403
3.64404|1.71745
3.64331|1.73087
3.64259|1.74429
3.64186|1.75771
3.64113|1.77113
3.64041|1.78455
3.63968|1.79797
3.63895|1.81139
3.63823|1.82481
3.6375|1.83823
3.63678|1.85165
3.63605|1.86507
3.63532|1.87849
3.6346|1.89191
3.63387|1.90533
3.63314|1.91875
3.63242|1.93217
3.63169|1.94559
3.63096|1.95901
3.63024|1.97243
3.62951|1.98585
3.62878|1.99927
3.62806|2.01269
3.62733|2.02611
3.6266|2.03953
3.62588|2.05295
3.62515|2.06637
3.62443|2.07979
3.6237|2.09321
3.62297|2.10663
3.62225|2.12005
3.62152|2.13347
3.62079|2.14689
3.62007|2.16031
3.61934|2.17373
3.61861|2.18715
3.61789|2.20057
3.61716|2.21399
3.61644|2.22741
3.61571|2.24083
3.61498|2.25425
3.61426|2.26767
3.61353|2.28109
3.6128|2.29451
3.61208|2.30793
3.61135|2.32135
3.61062|2.33477
3.6099|2.34819
3.60917|2.36161
3.60845|2.37503
3.60772|2.38845
3.60699|2.40187
3.60627|2.41529
3.60554|2.42871
3.60481|2.44213
3.60409|2.45555
3.60336|2.46897
3.60264|2.48239
3.60191|2.49581
3.60118|2.50923
3.60046|2.52265
3.59973|2.53607
3.599|2.54949
3.59828|2.56292
3.59755|2.57634
3.59682|2.58976
3.5961|2.60318
3.59537|2.6166
3.59465|2.63002
3.59392|2.64344
3.59319|2.65686
3.59247|2.67028
3.59178|2.68301
3.59096|2.69508
3.58987|2.70646
3.58843|2.71713
3.58644|2.72772
3.58396|2.73813
3.58097|2.74854
3.57704|2.76003
3.57241|2.77261
3.5678|2.78522
3.56321|2.79782
3.55859|2.81042
3.55393|2.82302
3.54923|2.83561
3.54452|2.84819
3.53982|2.86077
3.53512|2.87336
3.53044|2.88595
3.52576|2.89854
3.52108|2.91114
3.5164|2.92374
3.51171|2.93633
3.50702|2.94892
3.50232|2.96152
3.49762|2.97411
3.49293|2.9867
3.48824|2.99929
3.48355|3.01189
3.47886|3.02448
3.47416|3.03708
3.46947|3.04967
3.46478|3.06226
3.46009|3.07486
3.45539|3.08745
3.4507|3.10004
3.44601|3.11264
3.44131|3.12523
3.43662|3.13783
3.43193|3.15042
3.42724|3.16301
3.42254|3.17561
3.41785|3.1882
3.41316|3.20079
3.40846|3.21339
3.40377|3.22598
3.39908|3.23858
3.39439|3.25117
3.38969|3.26376
3.385|3.27636
3.38031|3.28895
3.37562|3.30155
3.37092|3.31414
3.36623|3.32673
3.36154|3.33933
3.35684|3.35192
3.35215|3.36451
3.34746|3.37711
3.34277|3.3897
3.33807|3.4023
3.33338|3.41489
3.32869|3.42748
3.324|3.44008
3.3193|3.45267
3.31461|3.46527
3.30992|3.47786
3.30523|3.49045
3.30053|3.50305
3.29584|3.51564
3.29115|3.52823
3.28645|3.54083
3.28176|3.55342
3.27707|3.56602
3.27238|3.57861
3.26768|3.5912
3.26299|3.6038
3.2583|3.61639
3.25361|3.62899
3.24891|3.64158
3.24422|3.65417
3.23977|3.66612
3.2354|3.67736
3.23099|3.68785
3.22644|3.69754
3.22137|3.70698
3.21581|3.71626
3.2098|3.72522
3.20336|3.73385
3.1965|3.74215
3.18923|3.7501
3.18158|3.75764
3.17356|3.7648
3.16517|3.77152
3.15535|3.77864
3.14437|3.78626
3.13332|3.79386
3.12229|3.80149
3.11126|3.80911
3.10021|3.81674
3.08915|3.82436
3.07809|3.83196
3.06702|3.83958
3.05596|3.8472
3.0449|3.85483
3.03385|3.86247
3.02281|3.87012
3.01176|3.87777
3.00071|3.88541
2.98966|3.89306
2.97861|3.9007
2.96812|3.90796
2.95811|3.91468
2.94849|3.92077
2.93922|3.92613
2.92964|3.93099
2.91981|3.9354
2.90976|3.93929
2.89954|3.94263
2.88915|3.94544
2.87864|3.94782
2.86665|3.94978
2.85336|3.95166
2.84008|3.95361
2.82681|3.95559
2.81353|3.95756
2.80023|3.95951
2.78694|3.96144
2.77364|3.96336
2.76035|3.96528
2.74705|3.96722
2.73376|3.96916
2.72046|3.97112
2.70717|3.97308
2.69388|3.97504
2.68058|3.977
2.66797|3.97886
2.65601|3.98044
2.64464|3.98164
2.63322|3.9824
2.62179|3.98274
2.60897|3.98266
2.59553|3.98248
2.58211|3.98234
2.56868|3.98221
2.55525|3.98205
2.54182|3.98186
2.52838|3.98165
2.51495|3.98143
2.50152|3.98121
2.48808|3.981
2.47464|3.98079
2.46121|3.9806
2.44777|3.98041
2.43433|3.98021
2.42089|3.98001
2.40746|3.97981
2.39402|3.9796
2.38058|3.97939
2.36714|3.97919
2.3537|3.97898
2.34027|3.97878
2.32683|3.97858
2.31339|3.97838
2.29995|3.97817
2.28651|3.97797
2.27308|3.97777
2.25964|3.97756
2.2462|3.97736
2.23276|3.97716
2.21932|3.97695
2.20588|3.97675
2.19245|3.97655
2.17901|3.97634
2.16557|3.97614
2.15213|3.97594
2.13869|3.97573
2.12525|3.97553
2.11182|3.97532
2.09838|3.97512
2.08494|3.97492
2.0715|3.97471
2.05806|3.97451
2.04462|3.97431
2.03119|3.9741
2.01775|3.9739
2.00431|3.9737
1.99087|3.97349
1.97743|3.97329
1.964|3.97309
1.95056|3.97288
1.93712|3.97268
1.92368|3.97248
1.91024|3.97227
1.8968|3.97207
1.88337|3.97187
1.86993|3.97166
1.85649|3.97146
1.84305|3.97126
1.82961|3.97105
1.81617|3.97085
1.80274|3.97065
1.7893|3.97044
1.77586|3.97024
1.76242|3.97004
1.74898|3.96983
1.73554|3.96963
1.72211|3.96943
1.70867|3.96922
1.69523|3.96902
1.68179|3.96882
1.66835|3.96861
1.65492|3.96841
1.64148|3.96821
1.62804|3.968
1.6146|3.9678
1.60116|3.9676
1.58772|3.96739
1.57429|3.96719
1.56085|3.96699
1.54741|3.96678
1.53397|3.96658
1.52053|3.96638
1.50709|3.96617
1.49366|3.96597
1.48022|3.96577
1.46678|3.96556
1.45334|3.96536
1.4399|3.96516
1.42646|3.96496
1.41303|3.96475
1.39959|3.96455
1.38615|3.96435
