0.1326|0.1326
0.1326|0.1326
0.1326|0.1326
0.1326|0.1326
0.1326|0.1326
0.1326|0.1326
0.1326|0.1326
0.1326|0.1326
0.1326|0.1326
0.1326|0.1326
0.1326|0.1326
0.1326|0.1326
0.1326|0.1326
0.1326|0.1326
0.1326|0.1326
0.1326|0.1326
0.1326|0.1326
0.1326|0.1326
0.1326|0.1326
0.1326|0.1326
0.1326|0.1326
0.1326|0.1326
0.1326|0.1326
0.1326|0.1326
0.1326|0.1326
0.1326|0.1326
0.1326|0.1326
0.1326|0.1326
0.1326|0.1326
0.1326|0.1326
0.1326|0.1326
0.1326|0.1326
0.1326|0.1326
0.1326|0.1326
0.26724|0.26724
0.53448|0.53448
0.93432|0.93432
1.4688|1.4688
2.10936|2.10936
2.74992|2.74992
3.38844|3.38844
4.029|4.029
4.66956|4.66956
5.31012|5.31012
5.94864|5.94864
6.5892|6.5892
7.22976|7.22976
7.87032|7.87032
8.50884|8.50884
9.1494|9.1494
9.78996|9.78996
10.4285|10.4285
11.069|11.069
11.7096|11.7096
12.3502|12.3502
12.9887|12.9887
13.6292|13.6292
14.2698|14.2698
14.9104|14.9104
15.5489|15.5489
16.1894|16.1894
16.7647|16.83
17.2768|17.4685
17.7256|18.1091
18.1091|18.7476
18.4273|19.3861
18.7476|20.0267
19.0679|20.6652
19.3861|21.3037
19.7064|21.9422
20.0267|22.5808
20.3449|23.2213
20.6652|23.8598
20.9855|24.4984
21.3037|25.1369
21.624|25.7754
21.9443|26.4139
22.2625|27.0524
22.5828|27.693
22.901|28.3315
23.2213|28.97
23.5416|29.6086
23.9945|30.2491
24.582|30.8876
25.2226|31.5282
25.8611|32.1688
26.5016|32.8073
27.1422|33.4478
27.7807|34.0884
28.4213|34.729
29.0618|35.3675
29.7024|36.008
30.3409|36.6486
30.9815|37.2871
31.622|37.9277
32.2606|38.5682
32.9011|39.2088
33.5417|39.8473
34.1822|40.4879
34.8208|41.1284
35.4613|41.769
36.1019|42.4075
36.7424|43.0481
37.381|43.6886
38.0215|44.3272
38.5968|44.9677
39.1088|45.6083
39.6209|46.2468
40.1329|46.8874
40.7735|47.5279
41.414|48.1685
42.0526|48.807
42.6931|49.4476
43.3337|50.0881
43.9722|50.7266
44.6128|51.3672
45.2533|52.0078
45.8939|52.6483
46.5324|53.2868
47.173|53.9274
47.8135|54.568
48.4541|55.2085
49.0926|55.847
49.7332|56.4876
50.3737|57.1282
51.0122|57.7667
51.6528|58.4072
52.2934|59.0478
52.9339|59.6884
53.5724|60.3269
54.213|60.9674
54.8536|61.608
55.4941|62.2465
56.1326|62.8871
56.7732|63.5276
57.4138|64.1682
58.0523|64.8067
58.6928|65.4473
59.3334|66.0878
59.974|66.7284
60.6125|67.3669
61.253|68.0075
61.8936|68.648
62.5321|69.2866
63.1727|69.9271
63.8132|70.5677
64.4538|71.2082
65.0923|71.8468
65.7329|72.4873
66.3734|73.1279
67.014|73.7684
67.6525|74.407
68.2931|75.0475
68.9336|75.6881
69.5722|76.3266
70.2127|76.9672
70.8533|77.6077
71.4938|78.2483
72.1324|78.8868
72.7729|79.5274
73.4135|80.1679
74.054|80.8085
74.6926|81.447
75.3331|82.0876
75.9737|82.7281
76.6122|83.3666
77.2528|84.0072
77.8933|84.6478
78.5339|85.2883
79.1724|85.9268
79.813|86.5674
80.4535|87.208
81.0941|87.8485
81.7326|88.487
82.3732|89.1276
83.0137|89.7682
83.6522|90.4067
84.2928|91.0472
84.9334|91.6878
85.5739|92.3284
86.2124|92.9669
86.853|93.6074
87.4936|94.248
88.1341|94.8865
88.7726|95.5271
89.4132|96.1676
90.0538|96.8082
90.6923|97.4467
91.3328|98.0873
91.9734|98.7278
92.614|99.3684
93.2525|100.007
93.893|100.647
94.5336|101.288
95.1721|101.927
95.8127|102.567
96.4532|103.208
97.0938|103.848
97.7323|104.487
98.3729|105.127
99.0134|105.768
99.654|106.408
100.293|107.047
100.933|107.688
101.574|108.328
102.212|108.967
102.853|109.607
103.493|110.248
104.134|110.888
104.772|111.527
105.413|112.167
106.053|112.808
106.694|113.448
107.333|114.087
107.973|114.728
108.614|115.368
109.252|116.007
109.893|116.647
110.533|117.288
111.174|117.928
111.812|118.567
112.453|119.207
113.094|119.848
113.734|120.489
114.373|121.127
115.013|121.768
115.654|122.408
116.292|123.047
116.933|123.687
117.573|124.328
118.214|124.968
118.852|125.607
119.493|126.247
120.134|126.888
120.774|127.527
121.413|128.167
122.053|128.808
122.694|129.448
123.332|130.087
123.973|130.727
124.613|131.368
125.254|132.008
125.892|132.647
126.533|133.287
127.174|133.928
127.812|134.567
128.453|135.207
129.093|135.848
129.734|136.488
130.372|137.127
131.013|137.767
131.653|138.408
132.294|139.048
132.933|139.687
133.573|140.328
134.214|140.968
134.852|141.607
135.493|142.247
136.133|142.888
136.774|143.528
137.412|144.167
138.053|144.807
138.693|145.448
139.334|146.088
139.973|146.727
140.613|147.368
141.254|148.008
141.892|148.647
142.533|149.287
143.173|149.928
143.814|150.568
144.452|151.207
145.093|151.847
145.734|152.488
146.374|153.129
147.013|153.767
147.653|154.408
148.294|155.048
148.932|155.687
149.573|156.327
150.213|156.968
150.854|157.608
151.492|158.247
152.133|158.887
152.774|159.528
153.414|160.167
154.053|160.807
154.693|161.448
155.334|162.088
155.972|162.727
156.613|163.367
157.253|164.008
157.894|164.648
158.532|165.287
159.173|165.927
159.814|166.568
160.452|167.207
161.093|167.847
161.733|168.488
162.374|169.128
163.012|169.767
163.653|170.407
164.293|171.048
164.934|171.688
165.573|172.327
166.213|172.968
166.854|173.608
167.492|174.247
168.133|174.887
168.773|175.528
169.414|176.168
170.052|176.807
170.693|177.447
171.333|178.088
171.974|178.728
172.613|179.367
173.253|180.008
173.894|180.648
174.532|181.287
175.173|181.927
175.813|182.568
176.454|183.208
177.092|183.847
177.733|184.487
178.374|185.128
179.014|185.769
179.653|186.407
180.293|187.048
180.934|187.688
181.572|188.327
182.213|188.967
182.853|189.608
183.494|190.248
184.132|190.887
184.773|191.527
185.414|192.168
186.052|192.743
186.693|193.255
187.333|193.767
187.972|194.279
188.612|194.791
189.253|195.303
189.891|195.816
190.532|196.328
191.172|196.838
191.811|197.35
192.452|197.862
193.09|198.374
193.731|198.886
194.371|199.398
195.01|199.91
195.65|200.422
196.291|200.934
196.929|201.446
197.57|201.956
198.21|202.468
198.849|202.98
199.49|203.492
200.128|204.004
200.769|204.516
201.409|205.028
202.048|205.54
202.688|206.052
203.329|206.564
203.967|207.076
204.608|207.588
205.248|208.098
205.887|208.61
206.528|209.122
207.166|209.634
207.807|210.147
208.447|210.659
209.086|211.171
209.726|211.683
210.367|212.195
211.005|212.707
211.646|213.219
212.284|213.729
212.925|214.241
213.566|214.753
214.204|215.265
214.845|215.777
215.485|216.417
216.124|217.058
216.764|217.697
217.405|218.337
218.045|218.978
218.684|219.616
219.324|220.257
219.965|220.897
220.606|221.538
221.244|222.176
221.885|222.817
222.525|223.458
223.164|224.098
223.804|224.737
224.445|225.377
225.085|226.018
225.724|226.656
226.365|227.297
227.005|227.937
227.646|228.578
228.284|229.153
228.925|229.665
229.563|230.112
230.204|230.561
230.844|231.008
231.483|231.589
232.123|232.23
232.764|232.87
233.403|233.511
234.043|234.149
234.684|234.79
235.324|235.43
235.963|236.069
236.603|236.709
237.244|237.35
237.882|237.99
238.523|238.629
239.163|239.27
239.804|239.91
240.443|240.551
241.083|241.189
241.724|241.83
242.364|242.47
243.003|243.109
243.643|243.749
244.284|244.39
244.922|245.031
245.563|245.669
246.204|246.31
246.844|246.95
247.483|247.591
248.123|248.229
248.764|248.87
249.404|249.51
250.043|250.149
250.683|250.789
251.324|251.43
251.962|252.071
252.603|252.709
253.244|253.35
253.884|253.99
254.523|254.631
255.163|255.269
255.804|255.91
256.444|256.55
257.083|257.189
257.723|257.829
258.364|258.47
259.002|259.111
259.643|259.749
260.284|260.39
260.924|261.03
261.563|261.671
262.203|262.309
262.844|262.95
263.484|263.59
264.123|264.229
264.763|264.87
265.404|265.51
266.043|266.151
266.683|266.789
267.324|267.43
267.964|268.07
268.603|268.709
269.243|269.349
269.884|269.99
270.522|270.63
271.163|271.269
271.803|271.91
272.444|272.55
273.083|273.191
273.723|273.766
274.364|274.278
275.002|274.725
275.643|275.108
276.281|275.429
276.92|275.749
277.558|276.067
278.199|276.387
278.837|276.708
279.476|277.026
280.114|277.346
280.753|277.666
281.391|277.985
282.032|278.44
282.673|279.025
283.311|279.666
283.952|280.306
284.592|280.947
285.231|281.585
285.871|282.226
286.512|282.866
287.152|283.505
287.791|284.145
288.432|284.786
289.072|285.427
289.713|286.065
290.351|286.706
290.992|287.346
291.632|287.987
292.271|288.625
292.911|289.266
293.552|289.906
294.192|290.545
294.831|291.186
295.472|291.826
296.112|292.467
296.751|293.105
297.391|293.746
298.032|294.386
298.672|295.027
299.311|295.665
299.951|296.306
300.592|296.946
301.233|297.585
301.871|298.226
302.512|298.866
303.152|299.507
303.791|300.145
304.431|300.786
305.072|301.426
305.712|302.065
306.351|302.705
306.991|303.346
307.632|303.987
308.273|304.625
308.911|305.266
309.552|305.906
310.192|306.547
310.831|307.185
311.471|307.826
312.112|308.466
312.752|309.105
313.391|309.745
314.031|310.386
314.672|311.027
315.313|311.665
315.951|312.306
316.592|312.946
317.232|313.587
317.871|314.225
318.511|314.866
319.152|315.506
319.792|316.145
320.431|316.785
321.072|317.426
321.712|318.067
322.353|318.705
322.991|319.346
323.632|319.986
324.272|320.627
324.911|321.265
325.551|321.906
326.192|322.546
326.832|323.185
327.471|323.826
328.112|324.466
328.752|325.107
329.391|325.745
330.031|326.386
330.672|327.026
331.312|327.667
331.951|328.242
332.591|328.754
333.232|329.201
333.87|329.584
334.509|329.968
335.15|330.351
335.788|330.735
336.427|331.121
337.067|331.504
337.706|331.888
338.344|332.271
338.985|332.655
339.623|333.038
340.262|333.422
340.902|333.938
341.543|334.578
342.183|335.219
342.822|335.859
343.463|336.498
344.103|337.139
344.742|337.779
345.382|338.42
346.023|339.058
346.663|339.699
347.302|340.339
347.942|340.978
348.583|341.618
349.224|342.259
349.862|342.9
350.503|343.538
351.143|344.179
351.782|344.819
352.422|345.458
353.063|346.098
353.703|346.739
354.342|347.379
354.982|347.955
355.623|348.53
356.262|349.107
356.902|349.683
357.543|350.258
358.183|350.898
358.822|351.539
359.462|352.179
360.103|352.818
360.741|353.459
361.382|354.099
362.022|354.738
362.663|355.378
363.302|356.019
363.942|356.659
364.583|357.298
365.223|357.938
365.862|358.579
366.502|359.22
367.143|359.858
367.781|360.499
368.422|361.139
369.063|361.778
369.703|362.418
370.342|363.059
370.982|363.699
371.623|364.338
372.263|364.978
372.902|365.619
373.542|366.258
374.183|366.898
374.821|367.539
375.462|368.179
376.103|368.818
376.743|369.395
377.382|369.907
378.022|370.419
378.663|370.929
379.301|371.441
379.942|371.953
380.582|372.594
381.221|373.234
381.861|373.873
382.502|374.513
383.141|375.154
383.781|375.795
384.422|376.433
385.062|377.074
385.701|377.714
386.341|378.355
386.982|378.993
387.622|379.634
388.261|380.274
388.902|380.913
389.542|381.553
390.181|382.194
390.821|382.835
391.462|383.473
392.102|384.114
392.741|384.754
393.381|385.395
394.022|386.033
394.66|386.674
395.301|387.314
395.942|387.953
396.582|388.593
397.221|389.234
397.861|389.875
398.502|390.513
399.142|391.154
399.781|391.794
400.421|392.435
401.062|393.073
401.7|393.714
402.341|394.354
402.982|394.993
403.622|395.634
404.261|396.274
404.901|396.915
405.542|397.553
406.182|398.194
406.821|398.834
407.461|399.475
408.102|400.113
408.741|400.754
409.381|401.394
410.022|402.033
410.662|402.674
411.301|403.314
411.941|403.955
412.582|404.593
413.222|405.234
413.861|405.874
414.501|406.513
415.142|407.153
415.781|407.794
416.421|408.435
417.062|409.073
417.702|409.714
418.341|410.354
418.981|410.995
419.622|411.633
420.262|412.274
420.901|412.914
421.542|413.553
422.182|414.193
422.821|414.834
423.461|415.475
424.102|416.113
424.742|416.754
425.381|417.394
426.021|418.035
426.662|418.673
427.3|419.314
427.941|419.889
428.582|420.401
429.22|420.85
429.861|421.297
430.499|421.746
431.14|422.192
431.78|422.641
432.419|423.088
433.059|423.537
433.698|424.118
434.338|424.759
434.979|425.397
435.618|426.038
436.258|426.678
436.899|427.317
437.539|427.957
438.178|428.598
438.818|429.238
439.459|429.877
440.099|430.518
440.738|431.158
441.378|431.797
442.019|432.437
442.594|433.078
443.106|433.718
443.553|434.357
444.002|434.997
444.449|435.636
444.897|436.276
445.344|436.915
445.793|437.556
446.24|438.194
446.689|438.835
447.135|439.473
447.584|440.114
448.031|440.752
448.48|441.393
449.061|442.033
449.702|442.672
450.34|443.312
450.981|443.953
451.621|444.594
452.262|445.232
452.9|445.873
453.541|446.513
454.182|447.154
454.82|447.792
455.461|448.433
456.101|449.073
456.742|449.712
457.38|450.352
458.021|450.993
458.661|451.634
459.302|452.272
459.94|452.913
460.581|453.553
461.222|454.192
461.86|454.769
462.501|455.281
463.141|455.728
463.78|456.177
464.42|456.623
465.059|457.072
465.699|457.519
466.338|457.968
466.978|458.415
467.617|458.863
468.258|459.31
468.898|459.891
469.537|460.532
470.177|461.173
470.818|461.811
471.458|462.452
472.097|463.092
472.737|463.733
473.378|464.371
474.016|465.012
474.657|465.652
475.298|466.293
475.938|466.932
476.577|467.572
477.217|468.213
477.858|468.851
478.496|469.492
479.137|470.132
479.777|470.773
480.418|471.411
481.056|472.052
481.697|472.692
482.338|473.331
482.978|473.972
483.617|474.612
484.257|475.253
484.898|475.891
485.536|476.532
486.177|477.172
486.817|477.813
487.458|478.451
488.097|479.092
488.737|479.733
489.378|480.371
490.018|481.012
490.657|481.652
491.297|482.293
491.938|482.931
492.576|483.572
493.217|484.212
493.857|484.853
494.498|485.491
495.137|486.132
495.777|486.773
496.418|487.411
497.058|488.052
497.697|488.692
498.337|489.333
498.978|489.971
499.616|490.612
500.257|491.252
500.898|491.893
501.538|492.531
502.177|493.172
502.817|493.813
503.458|494.451
504.098|495.092
504.737|495.732
505.377|496.373
506.018|497.011
506.656|497.652
507.297|498.292
507.938|498.933
508.578|499.572
509.217|500.212
509.857|500.853
510.498|501.491
511.136|502.132
511.777|502.772
512.417|503.413
513.058|504.051
513.696|504.692
514.337|505.332
514.978|505.971
515.618|506.612
516.257|507.252
516.897|507.893
517.538|508.531
518.176|509.172
518.817|509.812
519.457|510.453
520.098|511.091
520.737|511.732
521.377|512.373
522.018|513.011
522.658|513.652
523.297|514.292
523.937|514.933
524.578|515.571
525.216|516.212
525.857|516.852
526.497|517.493
527.138|518.131
527.777|518.772
528.417|519.413
529.058|520.051
529.698|520.692
530.337|521.332
530.977|521.973
531.618|522.611
532.256|523.252
532.897|523.892
533.538|524.533
534.178|525.171
534.817|525.812
535.457|526.453
536.098|527.091
536.738|527.732
537.377|528.372
538.017|529.013
538.658|529.651
539.296|530.292
539.937|530.932
540.578|531.573
541.218|532.212
541.857|532.852
542.497|533.493
543.138|534.131
543.776|534.772
544.417|535.412
545.057|536.053
545.698|536.691
546.336|537.332
546.977|537.972
547.618|538.611
548.258|539.252
548.897|539.892
549.537|540.533
550.178|541.171
550.816|541.812
551.457|542.452
552.097|543.093
552.738|543.731
553.377|544.372
554.017|545.013
554.658|545.651
555.298|546.292
555.937|546.932
556.577|547.573
557.218|548.211
557.856|548.852
558.497|549.492
559.137|550.133
559.778|550.771
560.417|551.412
561.057|552.053
561.698|552.691
562.338|553.332
562.977|553.972
563.617|554.613
564.258|555.251
564.896|555.892
565.537|556.532
566.178|557.173
566.818|557.811
567.457|558.452
568.097|559.093
568.738|559.731
569.378|560.372
570.017|561.012
570.657|561.653
571.298|562.291
571.936|562.932
572.577|563.572
573.218|564.213
573.858|564.852
574.497|565.492
575.137|566.133
575.778|566.771
576.416|567.412
577.057|568.052
577.697|568.693
578.338|569.331
578.976|569.972
579.617|570.612
580.258|571.251
580.898|571.892
581.537|572.532
582.177|573.173
582.818|573.811
583.456|574.452
584.097|575.092
584.737|575.733
585.378|576.371
586.017|577.012
586.657|577.653
587.298|578.291
587.938|578.932
588.577|579.572
589.217|580.213
589.858|580.851
590.496|581.492
591.137|582.132
591.777|582.773
592.418|583.411
593.057|584.052
593.697|584.693
594.338|585.331
594.978|585.972
595.617|586.612
596.257|587.253
596.898|587.891
597.536|588.532
598.177|589.172
598.818|589.813
599.458|590.451
600.097|591.092
600.737|591.733
601.378|592.371
602.018|593.012
602.657|593.652
603.297|594.293
603.938|594.931
604.576|595.572
605.217|596.212
605.858|596.853
606.498|597.492
607.137|598.132
607.777|598.773
608.418|599.411
609.056|600.052
609.697|600.692
610.337|601.333
610.978|601.971
611.616|602.612
612.257|603.252
612.898|603.891
613.538|604.532
614.177|605.172
614.817|605.813
615.458|606.451
616.096|607.092
616.737|607.732
617.377|608.373
618.018|609.011
618.657|609.652
619.297|610.293
619.938|610.931
620.578|611.572
621.217|612.212
621.857|612.853
622.498|613.491
623.136|614.132
623.777|614.772
624.417|615.413
625.058|616.051
625.697|616.692
626.337|617.333
626.978|617.971
627.618|618.612
628.257|619.252
628.897|619.893
629.538|620.531
630.176|621.172
630.817|621.812
631.458|622.388
632.096|622.9
632.737|623.349
633.375|623.732
634.016|624.116
634.654|624.499
635.295|624.883
635.933|625.266
636.574|625.784
637.212|626.423
637.853|627.063
638.493|627.704
639.132|628.342
639.773|628.983
640.413|629.624
641.054|630.264
641.692|630.903
642.333|631.543
642.973|632.184
643.614|632.824
644.252|633.463
644.893|634.103
645.534|634.744
646.172|635.382
646.813|636.023
647.453|636.664
648.094|637.304
648.732|637.943
649.373|638.583
650.013|639.224
650.654|639.862
651.292|640.503
651.933|641.143
652.574|641.784
653.212|642.423
653.853|643.063
654.493|643.704
655.134|644.344
655.772|644.983
656.413|645.623
657.053|646.264
657.694|646.902
658.332|647.543
658.973|648.183
659.614|648.824
660.252|649.463
660.893|650.103
661.533|650.744
662.174|651.384
662.812|652.023
663.453|652.663
664.093|653.304
664.732|653.879
665.373|654.391
666.013|654.838
666.652|655.224
667.29|655.607
667.931|655.991
668.569|656.374
669.21|656.758
669.848|657.141
670.487|657.525
671.127|657.908
671.766|658.292
672.404|658.675
673.045|659.193
673.686|659.832
674.324|660.472
674.965|661.113
675.605|661.754
676.244|662.392
676.884|663.033
677.525|663.673
678.165|664.312
678.804|664.952
679.444|665.593
680.085|666.233
680.726|666.872
681.364|667.512
682.005|668.153
682.645|668.794
683.284|669.432
683.924|670.073
684.565|670.713
685.205|671.352
685.844|671.992
686.484|672.633
687.125|673.208
687.764|673.72
688.404|674.169
689.045|674.616
689.683|675.065
690.324|675.511
690.962|675.96
691.603|676.407
692.241|676.856
692.882|677.302
693.52|677.884
694.161|678.524
694.802|679.165
695.442|679.803
696.081|680.444
696.721|681.085
697.362|681.723
698|682.364
698.641|683.004
699.281|683.645
699.922|684.283
700.56|684.924
701.201|685.564
701.842|686.205
702.482|686.844
703.121|687.484
703.761|688.125
704.402|688.763
705.04|689.404
705.681|690.044
706.321|690.685
706.962|691.323
707.601|691.964
708.241|692.604
708.882|693.245
709.52|693.884
710.161|694.524
710.801|695.165
711.442|695.803
712.08|696.444
712.721|697.084
713.361|697.725
714.002|698.363
714.641|699.004
715.281|699.645
715.922|700.283
716.56|700.924
717.201|701.564
717.841|702.205
718.482|702.843
719.12|703.484
719.761|704.124
720.402|704.765
721.042|705.403
721.681|706.044
722.321|706.685
722.962|707.323
723.6|707.964
724.241|708.604
724.881|709.245
725.522|709.883
726.16|710.524
726.801|711.164
727.442|711.805
728.082|712.443
728.721|713.084
729.361|713.725
730.002|714.363
730.64|715.004
731.281|715.644
731.921|716.285
732.562|716.923
733.2|717.564
733.841|718.204
734.482|718.845
735.122|719.484
735.761|720.124
736.401|720.765
737.042|721.403
737.68|722.044
738.321|722.684
738.961|723.325
739.602|723.963
740.241|724.604
740.881|725.244
741.522|725.885
742.16|726.524
742.801|727.164
743.441|727.805
744.082|728.443
744.72|729.084
745.361|729.724
746.001|730.365
746.642|731.003
747.281|731.644
747.921|732.285
748.562|732.923
749.2|733.564
749.841|734.204
750.481|734.845
751.122|735.483
751.76|736.124
752.401|736.764
753.042|737.405
753.682|738.043
754.321|738.684
754.961|739.325
755.602|739.963
756.24|740.604
756.881|741.244
757.521|741.885
758.162|742.46
758.8|742.972
759.441|743.419
760.08|743.868
760.72|744.314
761.359|744.763
761.999|745.345
762.64|745.985
763.28|746.624
763.919|747.264
764.559|747.905
765.2|748.545
765.84|749.184
766.479|749.824
767.12|750.465
767.76|751.106
768.399|751.744
769.039|752.385
769.68|753.025
770.32|753.664
770.959|754.304
771.599|754.945
772.24|755.585
772.878|756.224
773.519|756.864
774.16|757.505
774.8|758.144
775.439|758.784
776.079|759.425
776.72|760.065
777.36|760.704
777.999|761.344
778.639|761.985
779.28|762.625
779.919|763.264
780.559|763.905
781.2|764.545
781.84|765.184
782.479|765.824
783.119|766.465
783.76|767.105
784.4|767.744
785.039|768.384
785.679|769.025
786.32|769.665
786.959|770.304
787.599|770.945
788.24|771.585
788.88|772.224
789.519|772.864
790.159|773.505
790.8|774.145
791.44|774.784
792.079|775.424
792.72|776.065
793.36|776.706
793.999|777.344
794.639|777.985
795.28|778.625
795.92|779.264
796.559|779.904
797.199|780.545
797.84|781.185
798.48|781.824
799.119|782.464
799.76|783.105
800.4|783.746
801.039|784.384
801.679|785.025
802.32|785.665
802.96|786.304
803.599|786.944
804.239|787.585
804.88|788.225
805.518|788.864
806.159|789.504
806.8|790.145
807.44|790.784
808.015|791.424
808.591|792.065
809.231|792.705
809.872|793.344
810.512|793.984
811.151|794.625
811.791|795.265
812.432|795.904
813.071|796.545
813.711|797.185
814.352|797.824
814.992|798.464
815.631|799.105
816.271|799.745
816.912|800.384
817.55|801.024
818.191|801.665
818.832|802.303
819.472|802.944
820.111|803.585
820.751|804.225
821.392|804.864
822.032|805.504
822.671|806.145
823.311|806.785
823.952|807.424
824.59|808.064
825.231|808.705
825.872|809.343
826.512|809.984
827.151|810.625
827.791|811.265
828.432|811.904
829.072|812.544
829.711|813.185
830.351|813.825
830.992|814.464
831.63|815.104
832.271|815.745
832.912|816.384
833.552|817.024
834.191|817.665
834.831|818.305
835.472|818.944
836.112|819.584
836.751|820.225
837.391|820.865
838.032|821.504
838.671|822.144
839.311|822.785
839.952|823.424
840.592|824.064
841.231|824.705
841.871|825.345
842.512|825.984
843.152|826.624
843.791|827.265
844.431|827.905
845.072|828.544
845.711|829.185
846.351|829.825
846.992|830.464
847.632|831.104
848.271|831.745
848.911|832.385
849.552|833.024
850.19|833.664
850.831|834.305
851.472|834.943
852.112|835.584
852.751|836.225
853.391|836.865
854.032|837.504
854.672|838.144
855.311|838.785
855.951|839.425
856.592|840.064
857.23|840.704
857.871|841.345
858.512|841.983
859.152|842.624
859.791|843.265
860.431|843.905
861.072|844.544
861.712|845.184
862.351|845.825
862.991|846.465
863.632|847.104
864.27|847.744
864.911|848.385
865.552|849.024
866.192|849.664
866.767|850.305
867.343|850.945
867.92|851.584
868.495|852.224
869.071|852.865
869.648|853.503
870.223|854.144
870.798|854.784
871.376|855.425
871.951|856.064
872.526|856.704
873.104|857.345
873.679|857.983
874.254|858.561
874.895|859.199
875.535|859.84
876.174|860.48
876.814|861.121
877.455|861.759
878.096|862.4
878.734|863.04
879.375|863.679
880.015|864.319
880.656|864.96
881.294|865.601
881.935|866.239
882.575|866.88
883.214|867.52
883.854|868.161
884.495|868.799
885.136|869.44
885.774|870.08
886.415|870.719
887.055|871.359
887.696|872
888.334|872.641
888.975|873.279
889.615|873.92
890.254|874.56
890.895|875.201
891.535|875.839
892.176|876.48
892.814|877.12
893.455|877.759
894.095|878.4
894.736|879.04
895.374|879.681
896.015|880.319
896.655|880.96
897.294|881.6
897.935|882.241
898.575|882.879
899.216|883.52
899.854|884.16
900.495|884.799
901.135|885.44
901.776|886.08
902.414|886.721
903.055|887.359
903.696|888
904.334|888.64
904.975|889.281
905.615|889.919
906.256|890.56
906.894|891.201
907.535|891.839
908.175|892.48
908.814|893.12
909.454|893.761
910.095|894.399
910.736|895.04
911.374|895.68
912.015|896.319
912.655|896.959
913.296|897.6
913.934|898.241
914.575|898.879
915.215|899.52
915.854|900.16
916.494|900.801
917.135|901.439
917.776|902.08
918.414|902.72
919.055|903.359
919.695|903.999
920.336|904.64
920.974|905.281
921.615|905.919
922.255|906.56
922.894|907.2
923.535|907.841
924.175|908.479
924.816|909.12
925.454|909.76
926.095|910.399
926.735|911.04
927.376|911.68
928.014|912.321
928.655|912.959
929.295|913.6
929.934|914.24
930.575|914.881
931.215|915.519
931.856|916.16
932.494|916.8
933.135|917.439
933.775|918.08
934.416|918.72
935.054|919.361
935.695|919.999
936.336|920.64
936.974|921.28
937.615|921.921
938.255|922.559
938.896|923.2
939.534|923.841
940.175|924.416
940.815|924.928
941.454|925.375
942.094|925.758
942.733|926.144
943.371|926.527
944.012|926.911
944.651|927.294
945.291|927.678
945.93|928.061
946.568|928.445
947.209|928.963
947.849|929.601
948.488|930.242
949.128|930.883
949.769|931.523
950.409|932.162
951.048|932.802
951.689|933.443
952.329|934.081
952.968|934.722
953.608|935.362
954.249|936.003
954.889|936.642
955.528|937.282
956.168|937.923
956.809|938.563
957.45|939.202
958.088|939.842
958.729|940.483
959.369|941.121
960.008|941.762
960.648|942.402
961.289|943.043
961.929|943.682
962.568|944.322
963.208|944.963
963.849|945.601
964.49|946.242
965.128|946.882
965.769|947.523
966.409|948.161
967.048|948.802
967.688|949.443
968.329|950.083
968.969|950.722
969.608|951.362
970.248|952.003
970.889|952.641
971.528|953.282
972.168|953.922
972.809|954.563
973.449|955.201
974.088|955.842
974.728|956.483
975.369|957.123
976.009|957.762
976.648|958.402
977.289|959.043
977.929|959.681
978.568|960.322
979.208|960.962
979.849|961.603
980.489|962.241
981.128|962.882
981.768|963.523
982.409|964.163
983.049|964.802
983.688|965.442
984.329|966.083
984.969|966.721
985.608|967.362
986.248|968.002
986.889|968.643
987.529|969.282
988.168|969.859
988.808|970.371
989.447|970.818
990.087|971.201
990.726|971.521
991.365|971.84
992.003|972.16
992.644|972.48
993.282|972.798
993.921|973.119
994.559|973.439
995.198|973.757
995.836|974.078
996.475|974.398
997.115|974.851
997.756|975.438
998.394|976.077
999.035|976.717
999.675|977.358
1000.31|977.998
1000.95|978.637
1001.6|979.278
1002.24|979.918
1002.87|980.557
1003.51|981.197
1004.16|981.838
1004.8|982.478
1005.43|983.117
1006.07|983.757
1006.72|984.398
1007.35|985.038
1007.99|985.677
1008.64|986.318
1009.28|986.958
1009.91|987.533
1010.55|988.045
1011.2|988.492
1011.83|988.941
1012.47|989.388
1013.11|989.837
1013.75|990.283
1014.39|990.865
1015.03|991.505
1015.67|992.146
1016.31|992.786
1016.95|993.425
1017.59|994.065
1018.23|994.706
1018.87|995.347
1019.51|995.985
1020.15|996.626
1020.79|997.266
1021.43|997.905
1022.07|998.545
1022.71|999.186
1023.35|999.826
1023.99|1000.46
1024.63|1001.11
1025.27|1001.75
1025.91|1002.39
1026.55|1003.03
1027.19|1003.67
1027.83|1004.31
1028.47|1004.94
1029.11|1005.59
1029.75|1006.23
1030.39|1006.87
1031.03|1007.51
1031.67|1008.15
1032.31|1008.79
1032.95|1009.43
1033.59|1010.07
1034.23|1010.71
1034.87|1011.35
1035.51|1011.98
1036.15|1012.63
1036.79|1013.27
1037.43|1013.91
1038.07|1014.55
1038.71|1015.19
1039.35|1015.83
1039.99|1016.47
1040.63|1017.11
1041.27|1017.75
1041.91|1018.39
1042.55|1019.02
1043.19|1019.67
1043.83|1020.31
1044.47|1020.95
1045.11|1021.59
1045.75|1022.23
1046.39|1022.87
1047.03|1023.5
1047.67|1024.15
1048.31|1024.79
1048.95|1025.43
1049.59|1026.06
1050.23|1026.71
1050.87|1027.35
1051.51|1027.99
1052.15|1028.63
1052.79|1029.27
1053.43|1029.91
1054.07|1030.54
1054.71|1031.19
1055.35|1031.83
1055.99|1032.47
1056.63|1033.1
1057.27|1033.75
1057.91|1034.39
1058.55|1035.03
1059.19|1035.67
1059.83|1036.31
1060.47|1036.95
1061.11|1037.58
1061.75|1038.23
1062.39|1038.87
1063.03|1039.51
1063.67|1040.14
1064.31|1040.79
1064.95|1041.43
1065.59|1042.07
1066.23|1042.71
1066.87|1043.35
1067.51|1043.99
1068.15|1044.62
1068.79|1045.27
1069.43|1045.91
1070.07|1046.55
1070.71|1047.19
1071.35|1047.83
1071.99|1048.47
1072.63|1049.11
1073.27|1049.75
1073.91|1050.39
1074.55|1051.03
1075.19|1051.66
1075.83|1052.31
1076.47|1052.95
1077.11|1053.59
1077.75|1054.23
1078.39|1054.87
1079.03|1055.51
1079.67|1056.14
1080.31|1056.79
1080.95|1057.43
1081.59|1058.07
1082.23|1058.7
1082.87|1059.35
1083.51|1059.99
1084.15|1060.63
1084.79|1061.27
1085.43|1061.91
1086.07|1062.55
1086.71|1063.18
1087.35|1063.83
1087.99|1064.47
1088.63|1065.11
1089.27|1065.74
1089.91|1066.39
1090.55|1067.03
1091.19|1067.67
1091.83|1068.31
1092.47|1068.95
1093.11|1069.59
1093.75|1070.22
1094.39|1070.87
1095.03|1071.51
1095.67|1072.15
1096.31|1072.79
1096.95|1073.43
1097.59|1074.07
1098.23|1074.71
1098.87|1075.35
1099.51|1075.99
1100.15|1076.63
1100.79|1077.26
1101.43|1077.91
1102.07|1078.55
1102.71|1079.19
1103.35|1079.83
1103.99|1080.47
1104.63|1081.11
1105.27|1081.74
1105.91|1082.39
1106.55|1083.03
1107.19|1083.67
1107.83|1084.3
1108.47|1084.95
1109.11|1085.59
1109.75|1086.23
1110.39|1086.87
1111.03|1087.51
1111.67|1088.15
1112.31|1088.78
1112.95|1089.43
1113.59|1090.07
1114.23|1090.71
1114.87|1091.34
1115.51|1091.99
1116.15|1092.63
1116.79|1093.27
1117.43|1093.91
1118.07|1094.55
1118.71|1095.19
1119.35|1095.82
1119.99|1096.47
1120.63|1097.11
1121.27|1097.75
1121.91|1098.38
1122.55|1099.03
1123.19|1099.67
1123.83|1100.31
1124.47|1100.95
1125.11|1101.59
1125.75|1102.23
1126.39|1102.86
1127.03|1103.51
1127.67|1104.15
1128.31|1104.79
1128.95|1105.43
1129.59|1106.07
1130.23|1106.71
1130.87|1107.35
1131.51|1107.99
1132.15|1108.63
1132.79|1109.27
1133.43|1109.9
1134.07|1110.55
1134.71|1111.19
1135.35|1111.83
1135.99|1112.47
1136.63|1113.11
1137.27|1113.75
1137.91|1114.38
1138.55|1115.03
1139.19|1115.67
1139.83|1116.31
1140.47|1116.94
1141.11|1117.59
1141.75|1118.23
1142.39|1118.87
1143.03|1119.51
1143.67|1120.15
1144.31|1120.79
1144.95|1121.42
1145.59|1122.07
1146.23|1122.71
1146.87|1123.35
1147.51|1123.98
1148.15|1124.63
1148.79|1125.27
1149.43|1125.91
1150.07|1126.55
1150.71|1127.19
1151.35|1127.83
1151.99|1128.46
1152.63|1129.11
1153.27|1129.75
1153.91|1130.39
1154.55|1131.02
1155.19|1131.67
1155.83|1132.31
1156.47|1132.95
1157.11|1133.59
1157.75|1134.23
1158.39|1134.87
1159.03|1135.5
1159.67|1136.15
1160.31|1136.79
1160.95|1137.43
1161.59|1138.07
1162.23|1138.71
1162.87|1139.35
1163.51|1139.99
1164.15|1140.63
1164.79|1141.27
1165.43|1141.91
1166.07|1142.54
1166.71|1143.19
1167.35|1143.83
1167.99|1144.47
1168.63|1145.11
1169.27|1145.75
1169.91|1146.39
1170.55|1147.02
1171.19|1147.67
1171.83|1148.31
1172.47|1148.95
1173.11|1149.58
1173.75|1150.23
1174.39|1150.87
1175.03|1151.51
1175.67|1152.15
1176.31|1152.79
1176.95|1153.43
1177.59|1154.06
1178.23|1154.71
1178.87|1155.35
1179.51|1155.99
1180.15|1156.62
1180.79|1157.27
1181.43|1157.91
1182.07|1158.55
1182.71|1159.19
1183.35|1159.83
1183.99|1160.47
1184.63|1161.1
1185.27|1161.75
1185.91|1162.39
1186.55|1163.03
1187.19|1163.66
1187.83|1164.31
1188.47|1164.95
1189.11|1165.59
1189.75|1166.23
1190.39|1166.87
1191.03|1167.51
1191.67|1168.14
1192.31|1168.79
1192.95|1169.43
1193.59|1170.07
1194.23|1170.71
1194.87|1171.35
1195.51|1171.99
1196.15|1172.63
1196.79|1173.27
1197.43|1173.91
1198.07|1174.55
1198.71|1175.18
1199.35|1175.83
1199.99|1176.47
1200.63|1177.11
1201.27|1177.75
1201.91|1178.39
1202.55|1179.03
1203.19|1179.66
1203.83|1180.31
1204.47|1180.95
1205.11|1181.59
1205.75|1182.22
1206.39|1182.87
1207.03|1183.51
1207.67|1184.15
1208.31|1184.79
1208.95|1185.43
1209.59|1186.07
1210.23|1186.7
1210.87|1187.35
1211.51|1187.99
1212.15|1188.63
1212.79|1189.26
1213.43|1189.91
1214.07|1190.55
1214.71|1191.19
1215.35|1191.83
1215.99|1192.47
1216.63|1193.11
1217.27|1193.74
1217.91|1194.39
1218.55|1195.03
1219.19|1195.67
1219.83|1196.3
1220.47|1196.95
1221.11|1197.59
1221.75|1198.23
1222.39|1198.87
1223.03|1199.51
1223.67|1200.15
1224.31|1200.78
1224.95|1201.43
1225.59|1202.07
1226.23|1202.71
1226.87|1203.35
1227.51|1203.99
1228.15|1204.63
1228.79|1205.27
1229.43|1205.91
1230.07|1206.55
1230.71|1207.19
1231.35|1207.82
1231.99|1208.47
1232.63|1209.11
1233.27|1209.75
1233.91|1210.39
1234.55|1211.03
1235.19|1211.67
1235.83|1212.3
1236.47|1212.95
1237.11|1213.59
1237.75|1214.23
1238.39|1214.86
1239.03|1215.51
1239.67|1216.15
1240.31|1216.72
1240.95|1217.23
1241.59|1217.68
1242.23|1218.07
1242.87|1218.38
1243.51|1218.7
1244.15|1219.02
1244.79|1219.34
1245.43|1219.66
1246.06|1219.98
1246.7|1220.3
1247.34|1220.62
1247.98|1220.94
1248.62|1221.26
1249.26|1221.71
1249.9|1222.3
1250.54|1222.94
1251.18|1223.58
1251.82|1224.22
1252.46|1224.86
1253.1|1225.5
1253.74|1226.14
1254.38|1226.78
1255.02|1227.42
1255.66|1228.06
1256.3|1228.7
1256.94|1229.34
1257.58|1229.98
1258.22|1230.62
1258.86|1231.26
1259.5|1231.9
1260.14|1232.54
1260.78|1233.18
1261.42|1233.82
1262.06|1234.46
1262.7|1235.1
1263.34|1235.74
1263.98|1236.38
1264.62|1237.02
1265.26|1237.66
1265.9|1238.3
1266.54|1238.94
1267.18|1239.58
1267.82|1240.22
1268.46|1240.86
1269.1|1241.5
1269.74|1242.14
1270.38|1242.78
1271.02|1243.42
1271.66|1244.06
1272.3|1244.7
1272.94|1245.34
1273.58|1245.98
1274.22|1246.62
1274.86|1247.26
1275.5|1247.9
1276.14|1248.54
1276.78|1249.18
1277.42|1249.82
1278.06|1250.46
1278.7|1251.1
1279.34|1251.74
1279.98|1252.38
1280.62|1253.02
1281.26|1253.66
1281.9|1254.3
1282.54|1254.94
1283.18|1255.58
1283.82|1256.22
1284.46|1256.86
1285.1|1257.5
1285.74|1258.14
1286.38|1258.78
1287.02|1259.42
1287.66|1260.06
1288.3|1260.7
1288.94|1261.34
1289.58|1261.98
1290.22|1262.62
1290.86|1263.26
1291.5|1263.9
1292.14|1264.54
1292.78|1265.18
1293.42|1265.82
1294.06|1266.46
1294.7|1267.1
1295.34|1267.74
1295.98|1268.38
1296.62|1269.02
1297.26|1269.66
1297.9|1270.3
1298.54|1270.94
1299.18|1271.58
1299.82|1272.22
1300.46|1272.86
1301.1|1273.5
1301.74|1274.14
1302.38|1274.78
1303.02|1275.42
1303.66|1276.06
1304.3|1276.7
1304.94|1277.34
1305.58|1277.98
1306.22|1278.62
1306.86|1279.26
1307.5|1279.9
1308.14|1280.54
1308.78|1281.18
1309.42|1281.82
1310.06|1282.46
1310.7|1283.1
1311.34|1283.74
1311.98|1284.38
1312.62|1285.02
1313.26|1285.66
1313.9|1286.3
1314.54|1286.94
1315.18|1287.58
1315.82|1288.22
1316.46|1288.86
1317.1|1289.5
1317.74|1290.14
1318.38|1290.78
1319.02|1291.42
1319.66|1292.06
1320.3|1292.7
1320.94|1293.34
1321.58|1293.98
1322.22|1294.62
1322.86|1295.26
1323.5|1295.9
1324.14|1296.54
1324.78|1297.18
1325.42|1297.82
1326.06|1298.46
1326.7|1299.1
1327.34|1299.74
1327.98|1300.38
1328.62|1301.02
1329.26|1301.66
1329.9|1302.3
1330.54|1302.94
1331.18|1303.58
1331.82|1304.22
1332.46|1304.86
1333.1|1305.5
1333.74|1306.14
1334.38|1306.78
1335.02|1307.42
1335.66|1308
1336.3|1308.51
1336.94|1308.96
1337.58|1309.34
1338.22|1309.66
1338.86|1309.98
1339.49|1310.3
1340.14|1310.62
1340.77|1310.94
1341.41|1311.26
1342.05|1311.58
1342.69|1311.9
1343.33|1312.22
1343.97|1312.54
1344.61|1312.86
1345.25|1313.31
1345.89|1313.9
1346.53|1314.54
1347.17|1315.18
1347.81|1315.82
1348.45|1316.46
1349.09|1317.1
1349.73|1317.74
1350.37|1318.38
1351.01|1319.02
1351.64|1319.66
1352.29|1320.3
1352.93|1320.94
1353.57|1321.58
1354.21|1322.22
1354.85|1322.86
1355.49|1323.5
1356.13|1324.14
1356.77|1324.78
1357.41|1325.42
1358.05|1326.06
1358.68|1326.7
1359.33|1327.34
1359.97|1327.98
1360.61|1328.62
1361.25|1329.26
1361.89|1329.9
1362.53|1330.54
1363.17|1331.18
1363.81|1331.82
1364.45|1332.46
1365.09|1333.1
1365.72|1333.74
1366.3|1334.38
1366.81|1335.02
1367.33|1335.66
1367.84|1336.3
1368.35|1336.94
1368.86|1337.57
1369.5|1338.22
1370.14|1338.86
1370.78|1339.49
1371.42|1340.14
1372.06|1340.78
1372.7|1341.42
1373.34|1342.05
1373.98|1342.7
1374.62|1343.34
1375.26|1343.97
1375.9|1344.62
1376.54|1345.26
1377.18|1345.9
1377.82|1346.53
1378.46|1347.18
1379.1|1347.82
1379.74|1348.46
1380.38|1349.09
1381.02|1349.74
1381.66|1350.38
1382.3|1351.01
1382.94|1351.66
1383.58|1352.3
1384.22|1352.94
1384.86|1353.57
1385.5|1354.22
1386.14|1354.86
1386.78|1355.5
1387.42|1356.13
1388.06|1356.78
1388.7|1357.42
1389.34|1358.05
1389.98|1358.7
1390.62|1359.34
1391.26|1359.98
1391.9|1360.55
1392.54|1361.06
1393.18|1361.58
1393.82|1362.09
1394.46|1362.6
1395.1|1363.11
1395.74|1363.62
1396.38|1364.26
1397.02|1364.9
1397.66|1365.54
1398.3|1366.18
1398.94|1366.82
1399.58|1367.46
1400.22|1368.1
1400.86|1368.74
1401.5|1369.38
1402.14|1370.02
1402.78|1370.66
1403.42|1371.3
1404.06|1371.94
1404.7|1372.58
1405.34|1373.22
1405.98|1373.86
1406.62|1374.5
1407.26|1375.14
1407.9|1375.78
1408.54|1376.42
1409.18|1377.06
1409.82|1377.7
1410.46|1378.34
1411.1|1378.98
1411.74|1379.62
1412.38|1380.26
1413.02|1380.9
1413.66|1381.54
1414.3|1382.18
1414.94|1382.82
1415.58|1383.46
1416.22|1384.1
1416.86|1384.74
1417.5|1385.38
1418.14|1386.02
1418.78|1386.66
1419.42|1387.3
1420.06|1387.94
1420.7|1388.58
1421.34|1389.22
1421.98|1389.86
1422.62|1390.5
1423.26|1391.14
1423.9|1391.78
1424.48|1392.42
1424.99|1393.06
1425.5|1393.7
1426.01|1394.34
1426.52|1394.98
1427.04|1395.62
1427.55|1396.26
1428.19|1396.9
1428.83|1397.54
1429.47|1398.18
1430.11|1398.82
1430.75|1399.46
1431.39|1400.1
1432.03|1400.74
1432.67|1401.38
1433.31|1401.96
1433.95|1402.53
1434.59|1403.11
1435.23|1403.69
1435.87|1404.26
1436.51|1404.84
1437.15|1405.41
1437.79|1405.99
1438.43|1406.57
1439.07|1407.14
1439.71|1407.72
1440.35|1408.29
1440.99|1408.87
1441.63|1409.44
1442.27|1410.02
1442.91|1410.6
1443.48|1411.17
1444.06|1411.75
1444.63|1412.32
1445.27|1412.97
1445.92|1413.61
1446.55|1414.24
1447.19|1414.88
1447.83|1415.53
1448.48|1416.17
1449.11|1416.8
1449.75|1417.45
1450.4|1418.09
1451.04|1418.72
1451.67|1419.36
1452.31|1420.01
1452.96|1420.65
1453.59|1421.28
1454.23|1421.92
1454.87|1422.57
1455.52|1423.21
1456.15|1423.84
1456.73|1424.49
1457.24|1425.13
1457.75|1425.76
1458.27|1426.4
1458.78|1427.05
1459.29|1427.68
1459.8|1428.32
1460.44|1428.96
1461.08|1429.6
1461.72|1430.24
1462.36|1430.88
1463|1431.52
1463.64|1432.16
1464.28|1432.8
1464.92|1433.44
1465.56|1434.08
1466.2|1434.72
1466.84|1435.36
1467.48|1436
1468.12|1436.64
1468.76|1437.28
1469.4|1437.92
1470.04|1438.56
1470.68|1439.2
1471.32|1439.84
1471.96|1440.48
1472.6|1441.12
1473.24|1441.76
1473.88|1442.4
1474.52|1443.05
1475.16|1443.68
1475.8|1444.32
1476.44|1444.96
1477.08|1445.6
1477.72|1446.24
1478.36|1446.88
1479|1447.52
1479.64|1448.16
1480.28|1448.8
1480.92|1449.44
1481.56|1450.09
1482.2|1450.72
1482.84|1451.36
1483.48|1452
1484.12|1452.64
1484.76|1453.28
1485.4|1453.92
1486.04|1454.56
1486.68|1455.2
1487.32|1455.84
1487.96|1456.48
1488.6|1457.12
1489.24|1457.76
1489.88|1458.4
1490.52|1459.04
1491.16|1459.68
1491.8|1460.32
1492.44|1460.96
1493.08|1461.6
1493.72|1462.24
1494.36|1462.88
1495|1463.52
1495.64|1464.16
1496.28|1464.8
1496.92|1465.44
1497.56|1466.08
1498.2|1466.72
1498.84|1467.36
1499.48|1468
1500.12|1468.64
1500.76|1469.28
1501.4|1469.92
1502.04|1470.56
1502.68|1471.2
1503.32|1471.84
1503.96|1472.48
1504.6|1473.12
1505.24|1473.76
1505.88|1474.4
1506.52|1475.04
1507.16|1475.69
1507.8|1476.32
1508.44|1476.96
1509.08|1477.6
1509.72|1478.24
1510.36|1478.88
1511|1479.52
1511.64|1480.16
1512.28|1480.8
1512.92|1481.44
1513.56|1482.08
1514.2|1482.73
1514.84|1483.36
1515.48|1484
1516.12|1484.64
1516.76|1485.28
1517.4|1485.92
1518.04|1486.56
1518.68|1487.2
1519.32|1487.84
1519.96|1488.48
1520.6|1489.12
1521.24|1489.76
1521.88|1490.4
1522.52|1491.04
1523.16|1491.68
1523.8|1492.32
1524.44|1492.96
1525.08|1493.6
1525.72|1494.24
1526.36|1494.88
1527|1495.52
1527.64|1496.16
1528.28|1496.8
1528.92|1497.44
1529.56|1498.08
1530.2|1498.72
1530.84|1499.36
1531.48|1500
1532.12|1500.64
1532.76|1501.28
1533.4|1501.92
1534.04|1502.56
1534.68|1503.2
1535.32|1503.84
1535.96|1504.48
1536.6|1505.12
1537.24|1505.76
1537.88|1506.4
1538.52|1507.04
1539.16|1507.68
1539.8|1508.33
1540.44|1508.96
1541.08|1509.6
1541.72|1510.24
1542.36|1510.88
1543|1511.52
1543.64|1512.16
1544.28|1512.8
1544.92|1513.44
1545.56|1514.08
1546.2|1514.72
1546.84|1515.37
1547.48|1516
1548.12|1516.64
1548.76|1517.28
1549.4|1517.92
1550.04|1518.56
1550.68|1519.2
1551.32|1519.84
1551.96|1520.48
1552.6|1521.12
1553.24|1521.76
1553.88|1522.4
1554.52|1523.04
1555.16|1523.68
1555.8|1524.32
1556.44|1524.96
1557.08|1525.6
1557.72|1526.24
1558.36|1526.88
1559|1527.52
1559.64|1528.16
1560.28|1528.8
1560.92|1529.44
1561.56|1530.08
1562.2|1530.72
1562.84|1531.36
1563.48|1532
1564.12|1532.64
1564.76|1533.28
1565.4|1533.92
1566.04|1534.56
1566.68|1535.2
1567.32|1535.84
1567.96|1536.48
1568.6|1537.12
1569.24|1537.76
1569.88|1538.4
1570.52|1539.04
1571.16|1539.68
1571.8|1540.32
1572.44|1540.97
1573.08|1541.6
1573.72|1542.24
1574.36|1542.82
1575|1543.33
1575.64|1543.78
1576.28|1544.23
1576.92|1544.68
1577.56|1545.12
1578.2|1545.57
1578.84|1546.02
1579.48|1546.47
1580.12|1547.05
1580.76|1547.69
1581.4|1548.33
1582.04|1548.97
1582.68|1549.61
1583.32|1550.25
1583.96|1550.89
1584.6|1551.53
1585.24|1552.17
1585.88|1552.81
1586.52|1553.45
1587.16|1554.09
1587.8|1554.73
1588.44|1555.37
1589.08|1556.01
1589.72|1556.65
1590.36|1557.29
1591|1557.93
1591.64|1558.57
1592.28|1559.21
1592.92|1559.85
1593.56|1560.49
1594.2|1561.13
1594.84|1561.77
1595.48|1562.41
1596.12|1563.05
1596.76|1563.69
1597.4|1564.33
1598.04|1564.97
1598.68|1565.61
1599.32|1566.25
1599.96|1566.89
1600.6|1567.53
1601.24|1568.17
1601.88|1568.81
1602.52|1569.45
1603.16|1570.09
1603.8|1570.73
1604.44|1571.37
1605.08|1572.01
1605.72|1572.65
1606.36|1573.29
1607|1573.93
1607.64|1574.57
1608.28|1575.21
1608.92|1575.85
1609.56|1576.49
1610.2|1577.13
1610.84|1577.77
1611.48|1578.41
1612.12|1579.05
1612.76|1579.69
1613.4|1580.33
1614.04|1580.97
1614.68|1581.61
1615.32|1582.25
1615.96|1582.89
1616.6|1583.53
1617.24|1584.17
1617.88|1584.81
1618.52|1585.45
1619.16|1586.09
1619.8|1586.73
1620.44|1587.37
1621.08|1588.01
1621.72|1588.65
1622.36|1589.29
1623|1589.93
1623.64|1590.57
1624.28|1591.21
1624.92|1591.85
1625.56|1592.49
1626.2|1593.13
1626.84|1593.77
1627.48|1594.34
1628.12|1594.86
1628.76|1595.3
1629.4|1595.69
1630.04|1596.01
1630.68|1596.33
1631.31|1596.64
1631.95|1596.97
1632.59|1597.29
1633.23|1597.6
1633.87|1597.92
1634.51|1598.24
1635.15|1598.56
1635.79|1598.88
1636.42|1599.34
1637.07|1599.92
1637.71|1600.56
1638.35|1601.2
1638.98|1601.84
1639.63|1602.48
1640.27|1603.12
1640.9|1603.76
1641.55|1604.4
1642.19|1605.04
1642.83|1605.68
1643.46|1606.32
1644.11|1606.96
1644.75|1607.6
1645.39|1608.24
1646.03|1608.88
1646.67|1609.52
1647.31|1610.16
1647.94|1610.8
1648.59|1611.44
1649.23|1612.08
1649.87|1612.72
1650.5|1613.36
1651.15|1614
1651.79|1614.58
1652.42|1615.09
1653.07|1615.54
1653.7|1615.92
1654.34|1616.31
1654.98|1616.69
1655.62|1617.07
1656.26|1617.59
1656.9|1618.23
1657.54|1618.87
1658.18|1619.51
1658.82|1620.15
1659.46|1620.79
1660.1|1621.43
1660.74|1622.07
1661.38|1622.71
1662.02|1623.35
1662.66|1623.99
1663.3|1624.63
1663.94|1625.27
1664.58|1625.91
1665.22|1626.55
1665.86|1627.19
1666.5|1627.83
1667.14|1628.47
1667.78|1629.11
1668.42|1629.75
1669.06|1630.39
1669.7|1631.03
1670.34|1631.61
1670.98|1632.12
1671.62|1632.57
1672.26|1633.01
1672.9|1633.46
1673.54|1634.04
1674.18|1634.68
1674.82|1635.32
1675.46|1635.96
1676.1|1636.6
1676.74|1637.24
1677.38|1637.88
1678.02|1638.52
1678.66|1639.16
1679.3|1639.8
1679.94|1640.44
1680.58|1641.08
1681.22|1641.72
1681.86|1642.36
1682.5|1643
1683.14|1643.64
1683.78|1644.28
1684.42|1644.92
1685.06|1645.56
1685.7|1646.2
1686.34|1646.84
1686.98|1647.48
1687.62|1648.12
1688.26|1648.76
1688.9|1649.4
1689.54|1650.04
1690.18|1650.68
1690.82|1651.32
1691.46|1651.96
1692.1|1652.6
1692.74|1653.24
1693.38|1653.88
1694.02|1654.52
1694.66|1655.16
1695.3|1655.8
1695.94|1656.44
1696.58|1657.08
1697.22|1657.72
1697.86|1658.36
1698.5|1659
1699.14|1659.64
1699.78|1660.28
1700.42|1660.92
1701.06|1661.56
1701.7|1662.2
1702.34|1662.84
1702.98|1663.48
1703.62|1664.12
1704.26|1664.76
1704.9|1665.4
1705.54|1666.04
1706.18|1666.68
1706.82|1667.32
1707.46|1667.96
1708.1|1668.6
1708.74|1669.24
1709.38|1669.88
1710.02|1670.52
1710.66|1671.16
1711.3|1671.8
1711.94|1672.44
1712.58|1673.08
1713.22|1673.72
1713.86|1674.36
1714.5|1675
1715.14|1675.64
1715.78|1676.28
1716.42|1676.92
1717.06|1677.56
1717.7|1678.2
1718.34|1678.84
1718.98|1679.48
1719.62|1680.12
1720.26|1680.76
1720.9|1681.4
1721.54|1682.04
1722.18|1682.68
1722.82|1683.32
1723.46|1683.96
1724.1|1684.6
1724.74|1685.24
1725.38|1685.88
1726.02|1686.52
1726.66|1687.16
1727.3|1687.8
1727.94|1688.44
1728.58|1689.08
1729.22|1689.72
1729.86|1690.36
1730.5|1691
1731.14|1691.64
1731.78|1692.28
1732.42|1692.92
1733.06|1693.56
1733.7|1694.2
1734.34|1694.84
1734.98|1695.48
1735.62|1696.12
1736.26|1696.76
1736.9|1697.4
1737.54|1698.04
1738.18|1698.68
1738.82|1699.32
1739.46|1699.96
1740.1|1700.6
1740.74|1701.24
1741.38|1701.88
1742.02|1702.52
1742.66|1703.16
1743.3|1703.8
1743.94|1704.44
1744.58|1705.08
1745.22|1705.72
1745.86|1706.36
1746.5|1707
1747.14|1707.64
1747.78|1708.28
1748.42|1708.92
1749.06|1709.56
1749.7|1710.2
1750.34|1710.84
1750.98|1711.48
1751.62|1712.12
1752.26|1712.76
1752.9|1713.4
1753.54|1714.04
1754.18|1714.68
1754.82|1715.32
1755.46|1715.96
1756.1|1716.6
1756.74|1717.24
1757.38|1717.88
1758.02|1718.52
1758.66|1719.16
1759.3|1719.8
1759.94|1720.44
1760.58|1721.08
1761.22|1721.72
1761.86|1722.36
1762.5|1723
1763.14|1723.64
1763.78|1724.28
1764.42|1724.92
1765.06|1725.56
1765.7|1726.2
1766.34|1726.84
1766.98|1727.48
1767.62|1728.12
1768.26|1728.76
1768.9|1729.4
1769.54|1730.04
1770.18|1730.68
1770.82|1731.32
1771.46|1731.96
1772.1|1732.6
1772.74|1733.24
1773.38|1733.88
1774.02|1734.52
1774.66|1735.16
1775.3|1735.8
1775.94|1736.44
1776.58|1737.08
1777.22|1737.72
1777.86|1738.36
1778.5|1739
1779.14|1739.64
1779.78|1740.28
1780.42|1740.92
1781.06|1741.56
1781.7|1742.2
1782.34|1742.84
1782.98|1743.48
1783.62|1744.12
1784.26|1744.76
1784.9|1745.4
1785.54|1746.04
1786.18|1746.68
1786.82|1747.32
1787.46|1747.96
1788.1|1748.6
1788.74|1749.24
1789.38|1749.88
1790.02|1750.52
1790.66|1751.16
1791.3|1751.8
1791.94|1752.44
1792.58|1753.08
1793.22|1753.72
1793.86|1754.36
1794.5|1755
1795.14|1755.64
1795.78|1756.28
1796.42|1756.92
1797.06|1757.56
1797.7|1758.2
1798.34|1758.84
1798.98|1759.48
1799.62|1760.12
1800.26|1760.76
1800.9|1761.4
1801.54|1762.04
1802.18|1762.68
1802.82|1763.32
1803.46|1763.96
1804.1|1764.6
1804.74|1765.24
1805.38|1765.88
1806.02|1766.52
1806.66|1767.16
1807.3|1767.8
1807.94|1768.44
1808.58|1769.08
1809.22|1769.72
1809.86|1770.36
1810.5|1771
1811.14|1771.64
1811.78|1772.28
1812.42|1772.92
1813.06|1773.56
1813.7|1774.2
1814.34|1774.84
1814.98|1775.48
1815.62|1776.12
1816.26|1776.76
1816.9|1777.4
1817.54|1778.04
1818.18|1778.68
1818.82|1779.32
1819.46|1779.96
1820.1|1780.6
1820.74|1781.24
1821.38|1781.88
1822.02|1782.52
1822.66|1783.16
1823.3|1783.8
1823.94|1784.44
1824.58|1785.08
1825.22|1785.72
1825.86|1786.36
1826.5|1787
1827.14|1787.64
1827.78|1788.28
1828.42|1788.92
1829.06|1789.56
1829.7|1790.2
1830.34|1790.84
1830.98|1791.48
1831.62|1792.12
1832.26|1792.76
1832.9|1793.4
1833.54|1794.04
1834.18|1794.68
1834.82|1795.32
1835.46|1795.96
1836.1|1796.6
1836.74|1797.24
1837.38|1797.88
1838.02|1798.52
1838.66|1799.16
1839.3|1799.8
1839.94|1800.44
1840.58|1801.08
1841.22|1801.72
1841.86|1802.36
1842.5|1803
1843.14|1803.64
1843.78|1804.28
1844.42|1804.92
1845.06|1805.56
1845.7|1806.2
1846.34|1806.84
1846.98|1807.48
1847.62|1808.12
1848.26|1808.76
1848.9|1809.4
1849.54|1810.04
1850.18|1810.68
1850.82|1811.32
1851.46|1811.96
1852.1|1812.6
1852.74|1813.24
1853.38|1813.88
1854.02|1814.52
1854.66|1815.16
1855.3|1815.8
1855.94|1816.44
1856.58|1817.08
1857.22|1817.72
1857.86|1818.36
1858.5|1819
1859.14|1819.64
1859.78|1820.28
1860.42|1820.92
1861.06|1821.56
1861.7|1822.2
1862.34|1822.84
1862.98|1823.48
1863.62|1824.12
1864.26|1824.76
1864.9|1825.4
1865.54|1826.04
1866.18|1826.68
1866.82|1827.32
1867.46|1827.96
1868.1|1828.6
1868.74|1829.24
1869.38|1829.88
1870.02|1830.52
1870.66|1831.16
1871.3|1831.8
1871.94|1832.44
1872.58|1833.08
1873.22|1833.72
1873.86|1834.36
1874.5|1835
1875.14|1835.64
1875.78|1836.28
1876.42|1836.92
1877.06|1837.56
1877.7|1838.2
1878.34|1838.84
1878.98|1839.48
1879.62|1840.12
1880.26|1840.76
1880.9|1841.4
1881.54|1842.04
1882.18|1842.68
1882.82|1843.32
1883.46|1843.96
1884.1|1844.6
1884.74|1845.24
1885.38|1845.88
1886.02|1846.52
1886.66|1847.16
1887.3|1847.8
1887.94|1848.44
1888.58|1849.08
1889.22|1849.72
1889.86|1850.36
1890.5|1851
1891.14|1851.64
1891.78|1852.28
1892.42|1852.92
1893.06|1853.56
1893.7|1854.2
1894.34|1854.84
1894.98|1855.48
1895.62|1856.12
1896.26|1856.76
1896.9|1857.4
1897.54|1858.04
1898.18|1858.68
1898.82|1859.32
1899.46|1859.96
1900.1|1860.6
1900.74|1861.24
1901.38|1861.88
1902.02|1862.52
1902.66|1863.16
1903.3|1863.8
1903.94|1864.44
1904.58|1865.08
1905.22|1865.72
1905.86|1866.36
1906.5|1867
1907.14|1867.64
1907.78|1868.28
1908.42|1868.92
1909.06|1869.56
1909.7|1870.2
1910.34|1870.84
1910.98|1871.48
1911.62|1872.12
1912.26|1872.76
1912.9|1873.4
1913.54|1874.04
1914.18|1874.68
1914.82|1875.32
1915.46|1875.96
1916.1|1876.6
1916.74|1877.24
1917.38|1877.88
1918.02|1878.52
1918.66|1879.16
1919.3|1879.8
1919.94|1880.44
1920.58|1881.08
1921.22|1881.72
1921.86|1882.36
1922.5|1883
1923.14|1883.64
1923.78|1884.22
1924.42|1884.73
1925.06|1885.18
1925.7|1885.63
1926.34|1886.07
1926.98|1886.52
1927.62|1886.97
1928.26|1887.42
1928.9|1888
1929.54|1888.64
1930.18|1889.28
1930.82|1889.92
1931.46|1890.56
1932.1|1891.2
1932.74|1891.84
1933.38|1892.48
1934.02|1893.12
1934.66|1893.76
1935.3|1894.4
1935.94|1895.04
1936.58|1895.68
1937.22|1896.32
1937.86|1896.96
1938.5|1897.6
1939.14|1898.24
1939.78|1898.82
1940.42|1899.33
1941.06|1899.77
1941.7|1900.16
1942.34|1900.54
1942.98|1900.93
1943.61|1901.31
1944.25|1901.69
1944.89|1902.08
1945.53|1902.46
1946.17|1902.98
1946.81|1903.62
1947.45|1904.26
1948.09|1904.9
1948.73|1905.54
1949.37|1906.18
1950.01|1906.82
1950.65|1907.46
1951.29|1908.1
1951.93|1908.74
1952.57|1909.38
1953.21|1910.02
1953.85|1910.66
1954.49|1911.3
1955.13|1911.94
1955.77|1912.58
1956.41|1913.22
1957.05|1913.86
1957.69|1914.5
1958.33|1915.14
1958.97|1915.78
1959.61|1916.42
1960.25|1917.06
1960.89|1917.7
1961.53|1918.27
1962.17|1918.79
1962.81|1919.23
1963.45|1919.62
1964.09|1920
1964.73|1920.38
1965.37|1920.77
1966.01|1921.29
1966.65|1921.92
1967.29|1922.57
1967.93|1923.21
1968.57|1923.85
1969.21|1924.49
1969.85|1925.13
1970.49|1925.77
1971.13|1926.41
1971.77|1927.05
1972.41|1927.69
1973.05|1928.33
1973.69|1928.96
1974.33|1929.61
1974.97|1930.25
1975.61|1930.89
1976.25|1931.53
1976.89|1932.17
1977.53|1932.81
1978.17|1933.45
1978.81|1934.09
1979.45|1934.73
1980.09|1935.37
1980.73|1936
1981.37|1936.65
1982.01|1937.29
1982.65|1937.93
1983.29|1938.57
1983.93|1939.21
1984.57|1939.85
1985.21|1940.48
1985.85|1941.13
1986.49|1941.77
1987.13|1942.41
1987.77|1943.04
1988.41|1943.69
1989.05|1944.33
1989.69|1944.97
1990.33|1945.61
1990.97|1946.25
1991.61|1946.89
1992.25|1947.52
1992.89|1948.17
1993.53|1948.81
1994.17|1949.45
1994.81|1950.08
1995.45|1950.73
1996.09|1951.37
1996.73|1952.01
1997.37|1952.65
1998.01|1953.29
1998.65|1953.93
1999.29|1954.56
1999.93|1955.21
2000.57|1955.85
2001.21|1956.49
2001.85|1957.13
2002.49|1957.77
2003.13|1958.41
2003.77|1959.05
2004.41|1959.69
2005.05|1960.33
2005.69|1960.9
2006.33|1961.41
2006.97|1961.86
2007.61|1962.25
2008.25|1962.63
2008.89|1963.01
2009.52|1963.4
2010.17|1963.78
2010.8|1964.16
2011.44|1964.55
2012.08|1964.93
2012.72|1965.31
2013.36|1965.7
2014|1966.22
2014.64|1966.86
2015.28|1967.49
2015.92|1968.13
2016.56|1968.78
2017.2|1969.42
2017.84|1970.05
2018.48|1970.7
2019.12|1971.34
2019.76|1971.97
2020.4|1972.61
2021.04|1973.26
2021.68|1973.9
2022.32|1974.53
2022.96|1975.17
2023.6|1975.82
2024.24|1976.46
2024.88|1977.09
2025.52|1977.74
2026.16|1978.38
2026.8|1979.01
2027.44|1979.65
2028.08|1980.3
2028.72|1980.94
2029.36|1981.57
2030|1982.21
2030.64|1982.86
2031.28|1983.5
2031.92|1984.13
2032.56|1984.78
2033.2|1985.42
2033.84|1986.05
2034.48|1986.69
2035.12|1987.34
2035.76|1987.98
2036.4|1988.61
2037.04|1989.26
2037.68|1989.9
2038.32|1990.54
2038.96|1991.17
2039.6|1991.82
2040.24|1992.46
2040.88|1993.09
2041.52|1993.73
2042.16|1994.38
2042.8|1995.02
2043.44|1995.65
2044.08|1996.3
2044.72|1996.94
2045.36|1997.58
2046|1998.21
2046.64|1998.86
2047.28|1999.5
2047.92|2000.13
2048.56|2000.77
2049.2|2001.42
2049.84|2002.06
2050.48|2002.69
2051.12|2003.34
2051.76|2003.98
2052.4|2004.61
2053.04|2005.25
2053.68|2005.9
2054.32|2006.54
2054.96|2007.17
2055.6|2007.81
2056.24|2008.46
2056.88|2009.1
2057.52|2009.73
2058.16|2010.38
2058.8|2011.02
2059.44|2011.65
2060.08|2012.29
2060.72|2012.94
2061.36|2013.58
2062|2014.21
2062.64|2014.85
2063.28|2015.5
2063.92|2016.14
2064.56|2016.77
2065.2|2017.42
2065.84|2018.06
2066.48|2018.69
2067.12|2019.33
2067.76|2019.98
2068.4|2020.62
2069.04|2021.25
2069.68|2021.9
2070.32|2022.54
2070.96|2023.18
2071.6|2023.81
2072.24|2024.46
2072.88|2025.1
2073.52|2025.73
2074.16|2026.37
2074.8|2027.02
2075.44|2027.66
2076.08|2028.29
2076.72|2028.94
2077.36|2029.58
2078|2030.22
2078.64|2030.85
2079.28|2031.5
2079.92|2032.14
2080.56|2032.77
2081.2|2033.41
2081.84|2034.06
2082.48|2034.7
2083.12|2035.33
2083.76|2035.98
2084.4|2036.62
2085.04|2037.25
2085.68|2037.89
2086.32|2038.54
2086.96|2039.18
2087.6|2039.81
2088.24|2040.45
2088.88|2041.1
2089.52|2041.74
2090.16|2042.37
2090.8|2043.02
2091.44|2043.66
2092.08|2044.29
2092.72|2044.93
2093.36|2045.58
2094|2046.22
2094.64|2046.85
2095.28|2047.49
2095.92|2048.14
2096.56|2048.78
2097.2|2049.41
2097.84|2050.06
2098.48|2050.7
2099.12|2051.33
2099.76|2051.97
2100.4|2052.62
2101.04|2053.26
2101.68|2053.89
2102.32|2054.54
2102.96|2055.18
2103.6|2055.82
2104.24|2056.45
2104.88|2057.1
2105.52|2057.74
2106.16|2058.37
2106.8|2059.01
2107.44|2059.66
2108.08|2060.3
2108.72|2060.93
2109.36|2061.58
2110|2062.22
2110.64|2062.86
2111.28|2063.49
2111.92|2064.14
2112.56|2064.78
2113.2|2065.41
2113.84|2066.05
2114.48|2066.7
2115.12|2067.34
2115.76|2067.97
2116.4|2068.62
2117.04|2069.26
2117.68|2069.89
2118.32|2070.53
2118.96|2071.18
2119.6|2071.82
2120.24|2072.45
2120.88|2073.09
2121.52|2073.74
2122.16|2074.38
2122.8|2075.01
2123.44|2075.66
2124.08|2076.3
2124.72|2076.93
2125.36|2077.57
2126|2078.22
2126.64|2078.86
2127.28|2079.49
2127.92|2080.13
2128.56|2080.78
2129.2|2081.42
2129.84|2082.05
2130.48|2082.7
2131.12|2083.34
2131.76|2083.97
2132.4|2084.61
2133.04|2085.26
2133.68|2085.9
2134.32|2086.53
2134.96|2087.18
2135.6|2087.82
2136.24|2088.46
2136.88|2089.09
2137.52|2089.74
2138.16|2090.38
2138.8|2091.01
2139.44|2091.65
2140.08|2092.3
2140.72|2092.94
2141.36|2093.57
2142|2094.22
2142.64|2094.86
2143.28|2095.5
2143.92|2096.13
2144.56|2096.78
2145.2|2097.42
2145.84|2098.05
2146.48|2098.69
2147.12|2099.34
2147.76|2099.98
2148.4|2100.61
2149.04|2101.26
2149.68|2101.9
2150.32|2102.53
2150.96|2103.17
2151.6|2103.82
2152.24|2104.46
2152.88|2105.09
2153.52|2105.73
2154.16|2106.38
2154.8|2107.02
2155.44|2107.65
2156.08|2108.3
2156.72|2108.94
2157.36|2109.57
2158|2110.21
2158.64|2110.86
2159.28|2111.5
2159.92|2112.13
2160.56|2112.77
2161.2|2113.42
2161.84|2114.06
2162.48|2114.69
2163.12|2115.34
2163.76|2115.98
2164.4|2116.61
2165.04|2117.25
2165.68|2117.9
2166.32|2118.54
2166.96|2119.17
2167.6|2119.82
2168.24|2120.46
2168.88|2121.1
2169.52|2121.73
2170.16|2122.38
2170.8|2123.02
2171.44|2123.65
2172.08|2124.29
2172.72|2124.94
2173.36|2125.58
2174|2126.21
2174.64|2126.86
2175.28|2127.5
2175.92|2128.14
2176.56|2128.77
2177.2|2129.42
2177.84|2130.06
2178.48|2130.69
2179.12|2131.33
2179.76|2131.98
2180.4|2132.62
2181.04|2133.25
2181.68|2133.9
2182.32|2134.54
2182.96|2135.17
2183.6|2135.81
2184.24|2136.46
2184.88|2137.1
2185.52|2137.73
2186.16|2138.37
2186.8|2139.02
2187.44|2139.66
2188.08|2140.29
2188.72|2140.94
2189.36|2141.58
2190|2142.21
2190.64|2142.85
2191.28|2143.5
2191.92|2144.14
2192.56|2144.77
2193.2|2145.41
2193.84|2146.06
2194.48|2146.7
2195.12|2147.33
2195.76|2147.98
2196.4|2148.62
2197.04|2149.25
2197.68|2149.89
2198.32|2150.54
2198.96|2151.18
2199.6|2151.81
2200.24|2152.46
2200.88|2153.1
2201.52|2153.74
2202.16|2154.37
2202.8|2155.02
2203.44|2155.66
2204.08|2156.29
2204.72|2156.93
2205.36|2157.58
2206|2158.22
2206.64|2158.85
2207.28|2159.5
2207.92|2160.14
2208.56|2160.78
2209.2|2161.41
2209.84|2162.06
2210.48|2162.7
2211.12|2163.33
2211.76|2163.97
2212.4|2164.62
2213.04|2165.26
2213.68|2165.89
2214.32|2166.54
2214.96|2167.18
2215.6|2167.81
2216.24|2168.45
2216.88|2169.1
2217.52|2169.74
2218.16|2170.37
2218.8|2171.01
2219.44|2171.66
2220.08|2172.3
2220.72|2172.93
2221.36|2173.58
2222|2174.22
2222.64|2174.85
2223.28|2175.49
2223.92|2176.14
2224.56|2176.78
2225.2|2177.41
2225.84|2178.05
2226.48|2178.7
2227.12|2179.34
2227.76|2179.97
2228.4|2180.62
2229.04|2181.26
2229.68|2181.89
2230.32|2182.53
2230.96|2183.18
2231.6|2183.82
2232.24|2184.45
2232.88|2185.1
2233.52|2185.74
2234.16|2186.38
2234.8|2187.01
2235.44|2187.66
2236.08|2188.3
2236.72|2188.93
2237.36|2189.57
2238|2190.22
2238.64|2190.86
2239.28|2191.49
2239.92|2192.14
2240.56|2192.78
2241.2|2193.42
2241.84|2194.05
2242.48|2194.7
2243.12|2195.34
2243.76|2195.97
2244.4|2196.61
2245.04|2197.26
2245.68|2197.9
2246.32|2198.53
2246.96|2199.18
2247.6|2199.82
2248.24|2200.45
2248.88|2201.09
2249.52|2201.74
2250.16|2202.38
2250.8|2203.01
2251.44|2203.65
2252.08|2204.3
2252.72|2204.94
2253.36|2205.57
2254|2206.22
2254.64|2206.86
2255.28|2207.49
2255.92|2208.13
2256.56|2208.78
2257.2|2209.42
2257.84|2210.05
2258.48|2210.69
2259.12|2211.34
2259.76|2211.98
2260.4|2212.61
2261.04|2213.26
2261.68|2213.9
2262.32|2214.53
2262.96|2215.17
2263.6|2215.75
2264.24|2216.26
2264.88|2216.71
2265.52|2217.09
2266.16|2217.48
2266.8|2217.86
2267.44|2218.25
2268.08|2218.76
2268.72|2219.4
2269.36|2220.04
2270|2220.68
2270.64|2221.32
2271.28|2221.96
2271.92|2222.6
2272.56|2223.24
2273.2|2223.88
2273.84|2224.52
2274.48|2225.16
2275.12|2225.8
2275.76|2226.44
2276.4|2227.08
2277.04|2227.72
2277.68|2228.36
2278.32|2229
2278.96|2229.64
2279.6|2230.28
2280.24|2230.92
2280.88|2231.56
2281.52|2232.2
2282.16|2232.84
2282.8|2233.48
2283.44|2234.12
2284.08|2234.76
2284.72|2235.4
2285.36|2236.04
2286|2236.68
2286.64|2237.32
2287.28|2237.96
2287.92|2238.6
2288.56|2239.24
2289.2|2239.88
2289.84|2240.52
2290.48|2241.16
2291.12|2241.8
2291.76|2242.44
2292.4|2243.08
2293.04|2243.72
2293.68|2244.36
2294.32|2245
2294.96|2245.64
2295.6|2246.28
2296.24|2246.92
2296.88|2247.56
2297.52|2248.2
2298.16|2248.84
2298.8|2249.48
2299.44|2250.12
2300.08|2250.76
2300.72|2251.4
2301.36|2252.04
2302|2252.68
2302.64|2253.32
2303.28|2253.96
2303.92|2254.6
2304.56|2255.24
2305.2|2255.88
2305.84|2256.52
2306.48|2257.16
2307.12|2257.8
2307.76|2258.44
2308.4|2259.08
2309.04|2259.72
2309.68|2260.36
2310.32|2261
2310.96|2261.64
2311.6|2262.28
2312.24|2262.92
2312.88|2263.56
2313.52|2264.2
2314.16|2264.78
2314.8|2265.29
2315.44|2265.74
2316.08|2266.12
2316.72|2266.51
2317.35|2266.89
2317.99|2267.27
2318.63|2267.66
2319.27|2268.04
2319.91|2268.42
2320.55|2268.81
2321.19|2269.19
2321.83|2269.58
2322.47|2270.09
2323.11|2270.73
2323.75|2271.37
2324.39|2272.01
2325.03|2272.65
2325.67|2273.29
2326.31|2273.93
2326.95|2274.57
2327.59|2275.21
2328.23|2275.85
2328.87|2276.49
2329.51|2277.13
2330.15|2277.77
2330.79|2278.41
2331.43|2279.05
2332.07|2279.69
2332.71|2280.33
2333.35|2280.91
2333.99|2281.42
2334.63|2281.87
2335.27|2282.25
2335.91|2282.64
2336.55|2283.02
2337.19|2283.4
2337.83|2283.79
2338.46|2284.17
2339.1|2284.55
2339.74|2285.07
2340.38|2285.71
2341.02|2286.35
2341.66|2286.99
2342.3|2287.63
2342.94|2288.27
2343.58|2288.91
2344.22|2289.55
2344.86|2290.19
2345.5|2290.83
2346.14|2291.47
2346.78|2292.11
2347.42|2292.75
2348.06|2293.39
2348.7|2294.03
2349.34|2294.61
2349.98|2295.12
2350.62|2295.57
2351.26|2296.01
2351.9|2296.46
2352.54|2297.04
2353.18|2297.68
2353.82|2298.32
2354.46|2298.96
2355.1|2299.6
2355.74|2300.24
2356.38|2300.88
2357.02|2301.52
2357.66|2302.16
2358.3|2302.8
2358.94|2303.44
2359.58|2304.08
2360.22|2304.72
2360.86|2305.36
2361.5|2306
2362.14|2306.64
2362.78|2307.28
2363.42|2307.92
2364.06|2308.56
2364.7|2309.2
2365.34|2309.84
2365.98|2310.48
2366.62|2311.12
2367.26|2311.76
2367.9|2312.4
2368.54|2313.04
2369.18|2313.68
2369.82|2314.32
2370.46|2314.96
2371.1|2315.6
2371.74|2316.24
2372.38|2316.88
2373.02|2317.52
2373.66|2318.16
2374.3|2318.8
2374.94|2319.44
2375.58|2320.08
2376.22|2320.72
2376.86|2321.36
2377.5|2322
2378.14|2322.64
2378.78|2323.28
2379.42|2323.92
2380.06|2324.56
2380.7|2325.2
2381.34|2325.84
2381.98|2326.48
2382.62|2327.12
2383.26|2327.76
2383.9|2328.4
2384.54|2329.04
2385.18|2329.68
2385.82|2330.32
2386.46|2330.96
2387.1|2331.6
2387.74|2332.24
2388.38|2332.88
2389.02|2333.52
2389.66|2334.16
2390.3|2334.8
2390.94|2335.44
2391.58|2336.08
2392.22|2336.72
2392.86|2337.36
2393.5|2338
2394.14|2338.64
2394.78|2339.28
2395.42|2339.92
2396.06|2340.56
2396.7|2341.2
2397.34|2341.84
2397.98|2342.48
2398.62|2343.12
2399.26|2343.76
2399.9|2344.4
2400.54|2345.04
2401.18|2345.68
2401.82|2346.32
2402.46|2346.96
2403.1|2347.6
2403.74|2348.24
2404.38|2348.88
2405.02|2349.52
2405.66|2350.16
2406.3|2350.8
2406.94|2351.44
2407.58|2352.08
2408.22|2352.72
2408.86|2353.36
2409.5|2354
2410.14|2354.64
2410.78|2355.28
